date	VIX	rf	SP500	chfusd	ENER	SPDIV
31/01/1999	26.25	0.361666667	1248.77	-2.87443	217.61	16.28333333
28/02/1999	27.88	0.37	1246.58	-2.09572	216.19	16.36666667
31/03/1999	23.26	0.37	1281.66	-2.41539	247	16.45
30/04/1999	25.07	0.3575	1334.76	-2.84571	282.23	16.45
31/05/1999	25.39	0.375	1332.07	-0.06102	276.85	16.45
30/06/1999	21.09	0.380833333	1322.55	-1.35857	281.03	16.45
31/07/1999	24.64	0.379166667	1380.99	3.806871	285.05	16.51333333
31/08/1999	24.45	0.393333333	1327.49	-1.5653	287.99	16.57666667
30/09/1999	25.41	0.39	1318.17	1.287294	275.08	16.64
31/10/1999	22.2	0.405	1300.01	-1.68959	271.11	16.65666667
30/11/1999	24.18	0.4225	1391	-4.12167	269.89	16.67333333
31/12/1999	24.64	0.433333333	1428.68	-0.26967	272.22	16.69
31/01/2000	24.95	0.443333333	1425.59	-4.04008	273.49	16.71333333
29/02/2000	23.37	0.4625	1388.87	-0.46411	262.42	16.73666667
31/03/2000	24.11	0.474166667	1442.21	0	293.71	16.76
30/04/2000	26.2	0.471666667	1461.36	-2.9642	290.46	16.74
31/05/2000	23.65	0.4825	1418.48	2.145186	319.9	16.72
30/06/2000	19.54	0.474166667	1461.96	2.906586	302.25	16.7
31/07/2000	20.74	0.496666667	1473	-2.22041	294.16	16.58333333
31/08/2000	16.84	0.5075	1485.46	-4.17432	322.81	16.46666667
30/09/2000	20.57	0.5	1468.05	1.028054	328.73	16.35
31/10/2000	23.63	0.509166667	1390.14	-4.01863	319.5	16.32333333
30/11/2000	29.65	0.514166667	1378.04	3.899371	302.95	16.29666667
31/12/2000	26.85	0.480833333	1330.93	7.350398	333.38	16.27
31/01/2001	22.02	0.429166667	1335.63	-1.4822	322.21	16.17
28/02/2001	28.35	0.406666667	1305.75	-1.97874	317.79	16.07
31/03/2001	28.64	0.368333333	1185.85	-4.27094	308.77	15.97
30/04/2001	25.48	0.3225	1189.84	0.575113	338.69	15.87666667
31/05/2001	22.64	0.301666667	1270.37	-3.55224	334.03	15.78333333
30/06/2001	19.06	0.290833333	1238.71	0.215595	305.11	15.69
31/07/2001	21.62	0.2925	1204.45	3.854428	300.86	15.70666667
31/08/2001	24.92	0.28	1178.5	3.90126	286.08	15.72333333
30/09/2001	31.93	0.22	1044.64	2.54195	259.9	15.74
31/10/2001	33.56	0.18	1076.59	-0.84251	269.46	15.74
30/11/2001	23.84	0.155833333	1129.68	-0.45752	254.17	15.74
31/12/2001	23.8	0.140833333	1144.93	-1.13263	267.85	15.74
31/01/2002	21.09	0.1375	1140.21	-3.40362	258.2	15.73666667
28/02/2002	21.59	0.143333333	1100.67	1.271915	267.12	15.73333333
31/03/2002	17.4	0.149166667	1153.79	0.950441	290.16	15.73
30/04/2002	21.91	0.1425	1111.93	3.984533	278.65	15.83333333
31/05/2002	19.98	0.144166667	1079.25	3.120453	272.59	15.93666667
30/06/2002	25.4	0.141666667	1014.02	5.879586	263.11	16.04
31/07/2002	32.03	0.14	903.59	-0.31097	226.99	15.96
31/08/2002	32.64	0.135	912.55	-0.86156	229.43	15.88
30/09/2002	39.69	0.135833333	867.81	1.61822	212.13	15.8
31/10/2002	31.14	0.131666667	854.63	-0.17694	216.08	15.89
30/11/2002	27.5	0.1025	909.93	-0.38405	223.75	15.98
31/12/2002	28.62	0.099166667	899.18	7.206406	223.77	16.07
31/01/2003	31.17	0.0975	895.84	1.42462	217.83	16.12
28/02/2003	29.63	0.0975	837.03	0.845493	223.37	16.17
31/03/2003	29.15	0.094166667	846.63	0.067613	224.14	16.22
30/04/2003	21.21	0.094166667	890.03	-0.24324	221.97	16.20333333
31/05/2003	19.47	0.089166667	935.96	4.389054	244.99	16.18666667
30/06/2003	19.52	0.076666667	988	-3.94498	241.28	16.17
31/07/2003	19.49	0.075	992.54	-1.43205	232.85	16.31
31/08/2003	18.63	0.079166667	989.53	-2.09704	246.66	16.45
30/09/2003	22.72	0.078333333	1019.44	6.131877	240.88	16.59
31/10/2003	16.1	0.076666667	1038.73	-1.49057	243.59	16.85666667
30/11/2003	16.32	0.0775	1049.9	3.72255	244.25	17.12333333
31/12/2003	18.31	0.075	1080.64	4.169894	277.26	17.39
31/01/2004	16.63	0.073333333	1132.52	-1.37564	283.01	17.6
29/02/2004	14.55	0.0775	1143.36	-0.46494	296.07	17.81
31/03/2004	16.74	0.078333333	1123.98	-0.26512	294.43	18.02
30/04/2004	17.19	0.078333333	1133.36	-2.3038	299.19	18.21333333
31/05/2004	15.5	0.085	1102.78	3.303965	297.31	18.40666667
30/06/2004	14.34	0.105833333	1132.76	0.464066	316.23	18.6
31/07/2004	15.32	0.110833333	1105.85	-2.58427	326.08	18.78666667
31/08/2004	15.29	0.123333333	1088.94	1.21748	320.09	18.97333333
30/09/2004	13.34	0.1375	1117.66	1.620663	351.45	19.16
31/10/2004	16.27	0.146666667	1117.21	4.29853	352.67	19.25333333
30/11/2004	13.24	0.1725	1168.94	4.670888	375.18	19.34666667
31/12/2004	13.29	0.1825	1199.21	0.148368	364.35	19.44
31/01/2005	12.82	0.194166667	1181.41	-4.14815	377.14	19.70333333
28/02/2005	12.08	0.211666667	1199.63	2.199501	440.08	19.96666667
31/03/2005	14.02	0.228333333	1194.9	-2.76873	430.36	20.23
30/04/2005	15.31	0.231666667	1164.43	0.107681	406.8	20.46333333
31/05/2005	13.29	0.236666667	1178.28	-4.25481	416.34	20.69666667
30/06/2005	12.04	0.2475	1202.25	-2.58395	445.97	20.93
31/07/2005	11.57	0.268333333	1222.24	-0.62788	477.33	21.11
31/08/2005	12.6	0.286666667	1224.27	2.914249	506.2	21.29
30/09/2005	11.92	0.285	1225.92	-3.17003	538.17	21.47
31/10/2005	15.32	0.309166667	1191.96	0.427019	489.13	21.72
30/11/2005	12.06	0.323333333	1237.37	-2.03582	495.75	21.97
31/12/2005	12.07	0.324166667	1262.07	0.14468	504.21	22.22
31/01/2006	12.95	0.353333333	1278.73	2.771211	577.91	22.40666667
28/02/2006	12.34	0.369166667	1276.65	-2.58147	523.56	22.59333333
31/03/2006	11.39	0.375833333	1293.74	0.590319	545.56	22.78
30/04/2006	11.59	0.383333333	1302.17	5.28169	573.24	23
31/05/2006	16.44	0.393333333	1290.01	1.597919	554.4	23.22
30/06/2006	13.08	0.399166667	1253.17	-0.34138	568.54	23.44
31/07/2006	14.95	0.4125	1260.24	-0.63616	587.56	23.66
31/08/2006	12.31	0.413333333	1287.15	0.061561	557.55	23.88
30/09/2006	11.98	0.400833333	1317.74	-1.61191	536.54	24.1
31/10/2006	11.1	0.41	1363.38	0.512756	559.23	24.36
30/11/2006	10.91	0.411666667	1388.64	3.869603	604.66	24.62
31/12/2006	11.56	0.404166667	1416.42	-1.8208	589.43	24.88
31/01/2007	10.42	0.415	1424.16	-1.92777	581.44	25.08333333
28/02/2007	15.42	0.419166667	1444.8	2.002986	569.81	25.28666667
31/03/2007	14.64	0.411666667	1406.95	0.341505	604.45	25.49
30/04/2007	14.22	0.405833333	1463.64	0.680686	636.26	25.71666667
31/05/2007	13.05	0.394166667	1511.14	-1.4729	682.57	25.94333333
30/06/2007	16.23	0.384166667	1514.19	0.306335	693.5	26.17
31/07/2007	23.52	0.401666667	1520.71	1.698021	693.9	26.44
31/08/2007	23.38	0.35	1454.62	-0.6006	696	26.71
30/09/2007	18	0.324166667	1497.12	3.8429	752.35	26.98
31/10/2007	18.53	0.325	1539.66	0.48877	767.87	27.23
30/11/2007	22.87	0.2725	1463.39	2.304574	735.97	27.48
31/12/2007	22.5	0.25	1479.22	-0.14716	794.62	27.73
31/01/2008	26.2	0.229166667	1378.76	4.829384	707.39	27.92
29/02/2008	26.54	0.176666667	1354.87	3.860712	762.88	28.11
31/03/2008	25.61	0.105	1316.94	4.862557	742.94	28.3
30/04/2008	20.79	0.1075	1370.47	-4.02145	822.23	28.43666667
31/05/2008	17.83	0.144166667	1403.22	-0.73453	862.19	28.57333333
30/06/2008	23.95	0.155	1341.25	2.063575	887.28	28.71
31/07/2008	22.94	0.135833333	1257.33	-2.47115	750.57	28.75666667
31/08/2008	20.65	0.143333333	1281.47	-4.93142	744.53	28.80333333
30/09/2008	39.39	0.094166667	1216.95	-1.85022	640.73	28.85
31/10/2008	59.89	0.055833333	968.8	-3.34381	510.51	28.69666667
30/11/2008	55.28	0.015833333	883.04	-4.33016	502.96	28.54333333
31/12/2008	40	0.0025	877.56	13.16588	479.57	28.39
31/01/2009	44.84	0.010833333	865.58	-7.58096	468.92	28.01333333
28/02/2009	46.35	0.025	805.23	-0.76575	409.9	27.63666667
31/03/2009	44.14	0.0175	757.13	2.607272	426.79	27.26
30/04/2009	36.5	0.013333333	848.15	-0.07976	458.3	26.70333333
31/05/2009	28.92	0.015	902.41	6.876497	514.43	26.14666667
30/06/2009	26.35	0.015	926.12	-1.74989	481.54	25.59
31/07/2009	25.92	0.015	935.82	1.661599	506.92	25.02666667
31/08/2009	26.01	0.014166667	1009.73	0.886657	510.24	24.46333333
30/09/2009	25.61	0.01	1044.55	2.191868	540.88	23.9
31/10/2009	30.69	0.005833333	1067.66	0.973992	554.79	23.40333333
30/11/2009	24.51	0.004166667	1088.07	2.072858	567.84	22.90666667
31/12/2009	21.68	0.004166667	1110.38	-2.73449	571.73	22.41
31/01/2010	24.62	0.005	1123.58	-2.54264	547.35	22.24
28/02/2010	19.5	0.009166667	1089.16	-1.19843	560.98	22.07
31/03/2010	17.59	0.0125	1152.05	1.846286	577.01	21.9
30/04/2010	22.05	0.013333333	1197.32	-2.1817	600.98	21.94666667
31/05/2010	32.07	0.013333333	1125.06	-6.70186	528.94	21.99333333
30/06/2010	34.54	0.01	1083.36	7.206375	498.31	22.04
31/07/2010	23.5	0.013333333	1079.8	3.468706	539.67	22.14333333
31/08/2010	26.05	0.013333333	1087.28	2.561166	510.99	22.24666667
30/09/2010	23.7	0.0125	1122.08	3.309309	562	22.35
31/10/2010	21.2	0.010833333	1171.58	0.029478	593.33	22.47666667
30/11/2010	23.54	0.011666667	1198.89	-2.10216	626.49	22.60333333
31/12/2010	17.75	0.011666667	1241.53	7.294802	683.98	22.73
31/01/2011	19.53	0.0125	1282.62	-0.93519	733.53	22.96333333
28/02/2011	18.35	0.010833333	1321.12	1.623714	784.65	23.19666667
31/03/2011	17.74	0.008333333	1304.49	1.077566	800.44	23.43
30/04/2011	14.75	0.005	1331.51	6.212664	807.79	23.73333333
31/05/2011	15.45	0.003333333	1338.31	1.332526	771.54	24.03666667
30/06/2011	16.52	0.003333333	1287.29	1.596789	756.37	24.34
31/07/2011	25.25	0.003333333	1325.19	6.975962	766.93	24.62
31/08/2011	31.62	0.001666667	1185.31	-2.51414	686.16	24.9
30/09/2011	42.96	0.000833333	1173.88	-11.2589	587.26	25.18
31/10/2011	29.96	0.001666667	1207.22	3.560076	698.73	25.59666667
30/11/2011	27.8	0.000833333	1226.42	-3.97264	709.82	26.01333333
31/12/2011	23.4	0.000833333	1243.32	-2.76712	693.78	26.43
31/01/2012	19.44	0.0025	1300.58	2.075702	709.49	26.73666667
29/02/2012	18.43	0.0075	1352.49	1.729849	749.32	27.04333333
31/03/2012	15.5	0.006666667	1389.24	0.217077	720.32	27.35
30/04/2012	17.15	0.006666667	1386.43	-0.55054	715.09	27.67333333
31/05/2012	24.06	0.0075	1341.27	-6.57047	635.93	27.99666667
30/06/2012	17.08	0.0075	1323.48	2.399223	666.63	28.32
31/07/2012	18.93	0.008333333	1359.78	-2.85525	697.91	28.74333333
31/08/2012	17.47	0.008333333	1403.45	2.255639	714.35	29.16666667
30/09/2012	15.73	0.009166667	1443.42	1.604278	737.23	29.59
31/10/2012	18.6	0.008333333	1437.82	0.902256	720.8	30.14333333
30/11/2012	15.87	0.0075	1394.51	0.363264	710.72	30.69666667
31/12/2012	18.02	0.005833333	1422.29	1.382831	716.87	31.25
31/01/2013	14.28	0.005833333	1480.4	0.59502	775.92	31.53666667
28/02/2013	15.51	0.008333333	1512.31	-2.8574	779.77	31.82333333
31/03/2013	12.7	0.0075	1550.83	-1.33958	796.6	32.11
30/04/2013	13.52	0.005	1570.7	2.164831	786.64	32.49666667
31/05/2013	16.3	0.003333333	1639.84	-2.71375	805.41	32.88333333
30/06/2013	16.86	0.004166667	1618.77	1.089033	786.97	33.27
31/07/2013	13.45	0.003333333	1668.68	2.012852	827.07	33.64666667
31/08/2013	17.01	0.003333333	1670.09	-0.37981	816.27	34.02333333
30/09/2013	16.6	0.001666667	1687.17	2.771062	832.35	34.4
31/10/2013	13.75	0.004166667	1720.03	-0.2262	866.46	34.59666667
30/11/2013	13.7	0.005833333	1783.54	0.081618	865.02	34.79333333
31/12/2013	13.72	0.005833333	1807.78	1.476984	887.98	34.99
31/01/2014	18.41	0.003333333	1822.36	-1.48228	837.16	35.40333333
28/02/2014	14	0.004166667	1817.04	2.972899	876.22	35.81666667
31/03/2014	13.88	0.004166667	1863.52	-0.49291	894.2	36.23
30/04/2014	13.41	0.0025	1864.26	0.477665	941.53	36.61333333
31/05/2014	11.4	0.0025	1889.77	-1.67268	953.85	36.99666667
30/06/2014	11.57	0.003333333	1947.09	0.958009	1005.67	37.38
31/07/2014	16.95	0.0025	1973.1	-2.42107	969.57	37.75
31/08/2014	11.98	0.0025	1961.53	-1.02699	988.01	38.12
30/09/2014	16.31	0.001666667	1993.23	-3.84757	909.65	38.49
31/10/2014	14.03	0.001666667	1937.27	-0.79267	877.52	38.80666667
30/11/2014	13.33	0.001666667	2044.57	-0.3273	797.27	39.12333333
31/12/2014	19.2	0.0025	2054.27	-2.86846	795.02	39.44
31/01/2015	20.97	0.0025	2028.18	8.044148	758.17	39.89666667
28/02/2015	13.34	0.001666667	2082.2	-3.51555	789.26	40.35333333
31/03/2015	15.29	0.0025	2079.99	-1.91721	776.85	40.81
30/04/2015	14.55	0.001666667	2094.86	4.269182	829.85	41.12
31/05/2015	13.84	0.001666667	2111.94	-0.81142	783.46	41.43
30/06/2015	18.23	0.001666667	2099.29	0.507757	754.73	41.74
31/07/2015	12.12	0.0025	2094.14	-3.18084	695.51	41.99666667
31/08/2015	28.43	0.005833333	2039.87	-0.10629	663.33	42.25333333
30/09/2015	24.5	0.001666667	1944.41	-0.61908	614.52	42.51
31/10/2015	15.07	0.001666667	2024.81	-1.46973	681.84	42.80333333
30/11/2015	16.13	0.01	2080.62	-3.99091	678.22	43.09666667
31/12/2015	18.21	0.019166667	2054.08	2.654594	605.78	43.39
31/01/2016	20.2	0.021666667	1918.6	-2.02466	584.89	43.55333333
29/02/2016	20.55	0.025833333	1904.42	2.455243	565.19	43.71666667
31/03/2016	13.95	0.024166667	2021.95	3.814279	621.23	43.88
30/04/2016	15.7	0.019166667	2075.54	0.25969	676.66	44.07333333
31/05/2016	14.19	0.0225	2065.55	-3.48235	667.44	44.26666667
30/06/2016	15.63	0.0225	2083.89	1.828844	685.07	44.46
31/07/2016	11.87	0.025	2148.9	0.68326	676.26	44.65
31/08/2016	13.42	0.025	2170.95	-1.46389	684.7	44.84
30/09/2016	13.29	0.024166667	2157.69	1.288863	708.9	45.03
31/10/2016	17.06	0.0275	2143.02	-1.79699	688.33	45.25
30/11/2016	13.33	0.0375	2164.99	-2.77943	744.22	45.48
31/12/2016	14.04	0.0425	2246.63	-0.14244	755.7	45.7
01/01/2017	11.99	0.0425	2275.12	2.975038	731.04	45.93
28/02/2017	12.92	0.043333333	2329.91	-1.63253	712.77	46.15
31/03/2017	12.37	0.061666667	2366.82	0.291692	701.99	46.38
30/04/2017	10.82	0.066666667	2359.31	0.812356	680.63	46.66
31/05/2017	10.41	0.074166667	2395.35	2.795464	652.89	46.94
30/06/2017	11.18	0.081666667	2433.99	0.987129	651.1	47.22
31/07/2017	10.26	0.089166667	2454.1	-0.89123	668.16	47.54
31/08/2017	10.59	0.084166667	2456.22	0.850899	628.87	47.85
30/09/2017	9.51	0.085833333	2492.84	-0.97795	691.54	48.17
31/10/2017	10.18	0.089166667	2557	-2.95314	685.86	48.42
30/11/2017	11.28	0.1025	2593.61	1.436696	694.67	48.68
31/12/2017	11.04	0.11	2664.34	0.92456	728.8	48.93
31/01/2018	13.54	0.1175	2789.8	4.64867	755.69	49.29
28/02/2018	19.85	0.130833333	2705.16	-1.40622	670.22	49.64
31/03/2018	19.97	0.141666667	2702.77	-0.954	681.08	50
30/04/2018	15.93	0.146666667	2653.63	-3.73832	744.98	50.33
31/05/2018	15.43	0.155	2701.49	0.495344	763.67	50.66
30/06/2018	16.09	0.158333333	2754.35	-0.47319	767.43	50.99
31/07/2018	12.83	0.163333333	2793.64	0.009905	778.13	51.44
31/08/2018	12.86	0.169166667	2857.82	2.218481	747.99	51.89
30/09/2018	12.12	0.1775	2901.5	-1.30801	765.37	52.34
31/10/2018	21.23	0.1875	2785.46	-2.64088	678.21	52.81
30/11/2018	18.07	0.194166667	2723.23	0.988202	663.58	53.28
31/12/2018	25.42	0.1975	2567.31	1.717424	579.57	53.75
31/01/2019	16.57	0.1975	2607.39	-1.27614	644.38	54.15
28/02/2019	14.78	0.199166667	2754.86	-0.3679	655.23	54.54
31/03/2019	13.71	0.2	2803.98	0.269461	668.4	54.94
30/04/2019	13.12	0.198333333	2903.8	-2.34896	668.67	55.32
31/05/2019	18.71	0.195833333	2854.71	1.844868	590.57	55.7
30/06/2019	15.08	0.180833333	2890.17	2.522018	644.28	56.08
31/07/2019	16.12	0.175	2996.11	-1.78641	632.59	56.46
31/08/2019	18.98	0.1625	2897.5	0.377696	577.1	56.84
30/09/2019	16.24	0.1575	2982.16	-0.77235	598.22	57.22
31/10/2019	13.22	0.1375	2977.68	1.157569	584.71	57.56
30/11/2019	12.62	0.128333333	3104.9	-1.36135	590.36	57.9
31/12/2019	13.78	0.128333333	3176.75	3.340334	625.65	58.24
31/01/2020	18.84	0.126666667	3278.2	0.454853	555.75	58.69
29/02/2020	40.11	0.126666667	3277.31	-0.20231	471.96	59.13
31/03/2020	53.54	0.024166667	2652.39	0.434405	304.39	59.58
30/04/2020	34.15	0.011666667	2761.98	-0.46136	397.84	59.61
31/05/2020	27.51	0.010833333	2919.62	0.444187	401.71	59.65
30/06/2020	30.43	0.013333333	3104.66	1.480485	396.76	59.68
31/07/2020	24.46	0.010833333	3207.62	3.723001	376.39	59.4
31/08/2020	26.41	0.008333333	3391.71	1.059457	368.92	59.13
30/09/2020	26.37	0.009166667	3365.52	-1.86173	314.65	58.85
31/10/2020	38.02	0.008333333	3418.7	0.432821	300.33	58.66
30/11/2020	20.57	0.0075	3548.99	0.87108	380.99	58.47
31/12/2020	22.75	0.0075	3695.31	2.727025	397.55	58.28