date	fund1	fund2	fund3	fund4	fund5	fund1_qoq	fund2_qoq	fund3_qoq	fund4_qoq	fund5_qoq	mktrf	smb	hml	rf	mktrf_qoq	smb_qoq	hml_qoq	rf_qoq
28/02/1990	1.89			-0.18	2.14	-1.645037888			0.269693093	10.95156264	1.11	1.03	0.61	0.57	-5.746329766	-2.666841266	1.779671738	1.760222819
31/03/1990	5.95			0.29	-0.16	3.472428118			0.319707904	5.882278861	1.83	1.52	-2.89	0.64	-5.12207157	1.252815603	-1.457388609	1.790565794
30/04/1990	-0.73			-0.34	2.07	7.164402078			-0.230894225	4.087491123	-3.36	-0.5	-2.55	0.69	-0.499153517	2.05282772	-4.789039461	1.912022171
31/05/1990	2			-1.78	0.28	7.2800963			-1.830078449	2.192026726	8.42	-2.56	-3.73	0.68	6.69450871	-1.57351744	-8.896141824	2.023490029
30/06/1990	0.99			-0.66	2.45	2.25782846			-2.759995943	4.863513002	-1.09	1.43	-1.95	0.63	3.635017741	-1.66077496	-8.014279742	2.01335256
31/07/1990	3.03			1.79	2.99	6.13099694			-0.681717711	5.808692114	-1.9	-3.2	-0.02	0.68	5.200695782	-4.329276544	-5.626143547	2.003221131
31/08/1990	-5.86			1.12	2.39	-2.047332824			2.250709683	8.035021794	-10.15	-3.58	1.63	0.66	-12.81790707	-5.330755792	-0.371714643	1.982958274
30/09/1990	-1.82			0.36	4.85	-4.772820444			3.300596173	10.56585686	-6.12	-3.67	0.74	0.6	-17.25149242	-10.09081835	2.361585588	1.952554928
31/10/1990	1.31			-1.27	4.22	-6.362558859			0.195184794	11.88633461	-1.92	-5.53	0.29	0.68	-17.26836266	-12.25495465	2.67896998	1.952554928
30/11/1990	2.46			1.09	-1.36	1.913025487			0.165459165	7.788534488	6.35	0.32	-3.11	0.57	-2.075574496	-8.705839557	-2.109953741	1.861399256
31/12/1990	1.23			0.76	1.14	5.07899338			0.564683793	3.974557731	2.46	0.81	-1.56	0.6	6.874058768	-4.460040338	-4.344886304	1.861399256
31/01/1991	1.91	-0.37		2.11	2.35	5.701314928			4.007493792	2.108961656	4.69	3.8	-1.84	0.52	14.07672525	4.975630496	-6.376448694	1.699521784
28/02/1991	4.02	3.19		-0.04	-0.82	7.310665419			2.844881586	2.667952322	7.19	3.94	-0.54	0.48	14.97775439	8.763626732	-3.893091002	1.608510976
31/03/1991	3.82	4.16		1.64	1.47	10.05624107	7.085017995		3.743090158	3.002937731	2.65	3.9	-1.24	0.44	15.19096709	12.09741908	-3.580675206	1.446906982
30/04/1991	0.82	5.78		-0.13	-1.22	8.879111225	13.69520429		1.467264853	-0.589836941	-0.28	0.51	1.4	0.53	9.722449502	8.544427666	-0.398130256	1.456999194
31/05/1991	2.33	0.59		-1.94	1.2	7.110165849	10.83051264		-0.461384639	1.434850792	3.65	-0.34	-0.56	0.47	6.09881417	4.074828374	-0.418158784	1.44690196
30/06/1991	0.48	-0.86		0.45	0.14	3.664317709	5.489026723		-1.626781651	0.105311504	-4.94	0.07	1.21	0.42	-1.746193132	0.238383786	2.052229136	1.426701462
31/07/1991	3.18	1.09		1.24	0.06	6.090897651	0.811927693		-0.277314252	1.402485008	4.24	-0.95	-1.27	0.49	2.707348856	-1.217670739	-0.634944945	1.386344673
31/08/1991	3.46	-0.17		-1.27	5.25	7.262428134	0.050250936		0.404046134	5.46058841	2.32	1.59	-0.79	0.46	1.389444621	0.695332426	-0.864771601	1.376253467
30/09/1991	2.43	3.38		1.26	0.45	9.34405368	4.329180369		1.213675575	5.787059175	-1.59	1.63	-0.98	0.46	4.962499949	2.265080789	-3.009877323	1.416634368
31/10/1991	1.71	3.82		1.47	1.23	7.786234734	7.146656503		1.443615771	7.024025587	1.29	0.9	-0.44	0.42	1.992053145	4.175130253	-2.194504065	1.345988887
30/11/1991	-0.86	0.39		-1.49	2.09	3.285591644	7.747699552		1.217569022	3.810762681	-4.19	-0.47	-1.91	0.39	-4.497081589	2.062710051	-3.298648359	1.275371535
31/12/1991	4.28	1.9		0	1.27	5.151044583	6.205171062		-0.041903	4.658197479	10.84	-2.24	-4.04	0.38	7.565729872	-1.823767248	-6.286995522	1.194722224
31/01/1992	2.44	0.72	7.25	0.22	6.29	5.905741885	3.033951352		-1.273278	9.889556555	-0.59	8.45	4.5	0.34	5.569248756	5.522422616	-1.63711362	1.114105039
29/02/1992	4.21	5.62	-1.88	-0.15	0.47	11.32174059	8.401692816		0.06967	8.14579045	1.09	0.88	6.36	0.28	11.38707188	6.953702336	6.65589352	1.003311618
31/03/1992	1.19	-2.09	-2.98	0.92	-2.83	8.023081416	4.157112302	2.09773574	0.990310964	3.767418367	-2.66	-1.03	3.66	0.34	-2.179559935	8.277495092	15.21415092	0.963063237
30/04/1992	7.85	0.68	-10.22	-0.53	0.5	13.72793177	4.115747286	-14.53300965	0.234546314	-1.885167505	1.07	-6.12	4.28	0.32	-0.546103236	-6.269329283	14.97159481	0.942939046
31/05/1992	-4.04	2.08	-0.49	0.11	2.4	4.724425034	0.62616439	-13.32225632	0.495547636	-0.0004096	0.3	0.4	1.27	0.28	-1.323317386	-6.715311856	9.46947543	0.942939046
30/06/1992	-2.68	-4.57	-3.6	-0.15	-0.91	0.719251352	-1.922634381	-13.87616481	-0.569952125	1.9755008	-2.34	-3.09	3.41	0.32	-0.998923114	-8.656975568	9.20546454	0.922818867
31/07/1992	0.63	6.84	-4.18	1.34	1.44	-6.023381886	4.07812617	-8.082135352	1.299296789	2.929301504	3.77	-0.44	-0.53	0.31	1.645807346	-3.130469616	4.168273473	0.912758778
31/08/1992	0.69	-0.16	-2.35	-1.36	-0.02	-1.3911455	1.794280141	-9.80022628	-0.188166664	0.496792621	-2.38	-0.11	-1.04	0.26	-1.070152412	-3.622535956	1.792162959	0.892632579
30/09/1992	8.3	0.22	-4.61	1.95	2.46	9.734267801	6.903727923	-10.7452654	1.911030632	3.914636915	1.19	0.56	-0.21	0.26	2.505747261	0.00740671	-1.771202575	0.832290096
31/10/1992	4.57	2.77	10.17	-1.99	0.51	14.03073024	2.83130025	2.621520669	-1.437733252	2.961949491	1.02	2.04	-2.1	0.23	-0.210748884	2.498551434	-3.321611864	0.751873555
30/11/1992	2.78	1.71	1.94	0.42	-1.33	16.39764082	4.757327207	7.129931562	0.340864019	1.612878138	4.13	3.69	-1.48	0.23	6.443912299	6.397785546	-3.751467268	0.721726375
31/12/1992	3.09	7.27	-4.29	2.61	2.14	10.79808672	12.12650658	7.489314916	0.990446856	1.295523844	1.53	1.65	2.51	0.28	6.801565528	7.551063054	-1.127997892	0.741818481
31/01/1993	2.29	2.49	-23.95	2.18	3.69	8.382292156	11.82101449	-25.80046837	5.287254972	4.500376752	0.93	2.05	5.89	0.23	6.706414658	7.561603143	6.941330983	0.741818481
28/02/1993	2.76	1.29	5.5	2.36	-0.03	8.361202004	11.3592622	-23.20923498	7.321284793	5.87719331	0.12	-3.44	6.42	0.22	2.597198075	0.16538142	15.51661026	0.731767417
31/03/1993	3.57	6.31	25.1	0.93	2.29	8.865745383	10.36266584	0.37117025	5.564148466	6.03268165	2.3	0.24	1.24	0.25	3.375291668	-1.224025248	14.08547091	0.701632265
30/04/1993	3.09	-1.84	8.94	1.46	0.09	9.717173639	5.700061258	43.7795567	4.820302441	2.351346382	-3.05	-0.7	2.61	0.24	-0.70113418	-3.885798208	10.55161177	0.71167932
31/05/1993	2.54	-1.75	4.6	-0.57	-2.87	9.48227895	2.52770282	42.55300124	1.819877605	-0.556304151	2.89	1.96	-3.41	0.22	2.046147665	1.489271072	0.339975388	0.71167932
30/06/1993	6.01	2.03	-2.18	1.7	5.78	12.06156601	-1.60002334	11.46710297	2.596666526	2.836583703	0.31	-0.3	2.61	0.25	0.061085751	0.94254116	1.697796074	0.71167932
31/07/1993	3.48	0.85	27.64	0.69	-1.55	12.48550636	1.096553038	30.60089061	1.818040139	1.151580233	-0.34	0.93	3.25	0.24	2.858048539	2.599503316	2.332106467	0.71167932
31/08/1993	2.92	5.36	-11.81	0.24	0.95	12.90236312	8.412547868	10.11178339	2.647494152	5.129743895	3.71	0.32	-0.45	0.25	3.677793897	0.949217072	5.468073288	0.7418265
30/09/1993	-0.19	4.83	-20.51	0.61	1.72	6.29926293	11.38770355	-10.52151235	1.547339102	1.09470173	-0.12	3.12	-0.44	0.26	3.233357137	4.412068851	2.33311935	0.75187556
31/10/1993	3.65	1.05	12.64	-0.33	1.18	6.473894498	11.60860132	-21.036847	0.518654169	3.898038812	1.41	1.45	-1.55	0.22	5.046104227	4.950008768	-2.42425569	0.73177343
30/11/1993	-1.26	-0.28	2.67	-0.2	1.73	2.149556381	5.634108998	-8.071811789	0.077431026	4.700817121	-1.89	-1.43	-0.27	0.25	-0.626041021	3.119242068	-2.247825414	0.73177343
31/12/1993	7.62	0.08	31.45	0.73	3.79	10.14262356	0.847673648	52.01862298	0.196795818	6.831476691	1.65	1.22	0.57	0.23	1.134991291	1.219256033	-1.256165145	0.701632265
31/01/1994	3.16	8.76	4.81	0.06	2.28	9.621930021	8.542236378	41.45127729	0.588857124	7.992917928	2.87	0.13	2.08	0.25	2.59103199	-0.09774168	2.384668989	0.731776437
28/02/1994	-3.69	0.36	5.32	1.09	-5.16	6.924124775	9.238857229	45.10225503	1.889053774	0.678741141	-2.55	2.73	-1.44	0.21	1.900887447	4.118484298	1.183525274	0.691584207
31/03/1994	-2.01	-2.38	2.5	0.17	0.11	-2.64360726	6.553729443	13.1455393	1.322610112	-2.890945413	-4.78	-0.97	1.32	0.27	-4.544982757	1.865772575	1.938100634	0.731768418
30/04/1994	-0.06	0.02	-1.12	-0.43	-3.24	-5.682455501	-2.008973714	6.7439264	0.826427032	-8.131872098	0.68	-0.92	1.68	0.27	-6.577125148	0.797570625	1.538656666	0.751864531
31/05/1994	1.63	3.01	20.71	0.14	2.33	-0.472515342	0.578473672	22.3419992	-0.121096023	-0.876576041	0.58	-2.02	0.19	0.31	-3.576472523	-3.863078265	3.217918134	0.85240526
30/06/1994	-0.83	1.26	2.92	1.42	4.04	0.725999117	4.328787585	22.843303	1.125271452	3.014694123	-3.03	-0.47	1.68	0.31	-1.804353503	-3.377685345	3.584661626	0.892637595
31/07/1994	1.21	3.5	5.88	0.48	1.71	2.005987299	7.95870341	31.53973424	2.049485542	8.284668657	2.82	-1.72	0.6	0.28	0.282840413	-4.157841297	2.484431152	0.902699691
31/08/1994	2.29	2.1	-2.15	-0.09	1.73	2.668429015	7.0049861	6.628804536	1.815099866	7.649754153	4.01	1.33	-2.82	0.37	3.702706615	-0.880935483	-0.594500256	0.963054212
30/09/1994	0.31	-0.03	2.29	0.69	2.85	3.848644898	5.64179795	5.976101982	1.082256019	6.418466115	-2.31	2.82	-1.91	0.37	4.472696806	2.395480897	-4.104194828	1.023444833
31/10/1994	-0.96	1.05	4.13	0.02	-1.14	1.62207085	3.141098385	4.224513595	0.619498876	3.436530923	1.34	-2.36	-1.74	0.38	2.968907745	1.728680858	-6.334773199	1.124186202
30/11/1994	-0.77	-3.54	-2.17	0.44	1.45	-1.417948085	-2.556411849	4.203210679	1.153262607	3.151833895	-4.04	0.27	-0.95	0.37	-5.000515458	0.66451031	-4.532406723	1.124186202
31/12/1994	-0.75	0.32	5.07	2.37	-2.68	-2.45968844	-2.215256944	7.035207215	2.840992086	-2.394394996	0.86	0.03	0.53	0.44	-1.91782157	-2.067000912	-2.157639391	1.194712186
31/01/1995	-1.3	0.29	-4.87	-1.26	-1.27	-2.794540075	-2.950698851	-2.215891075	1.524890607	-2.522745478	1.8	-2.65	0.81	0.42	-1.472609392	-2.357871147	0.381522217	1.235036838
28/02/1995	0.92	2.54	-2.61	1.15	-5.14	-1.1390203	3.166445571	-2.655684675	2.242559587	-8.85468345	3.63	-0.69	1.04	0.4	6.402599924	-3.292711515	2.398273647	1.265295392
31/03/1995	3.58	1.14	4.77	0.94	-1.75	3.174007832	4.009711972	-2.933625996	0.814339794	-7.983689365	2.19	-0.7	-1.06	0.46	7.805687946	-3.998462995	0.778724706	1.285459728
30/04/1995	1.47	0.82	2.36	1.9	0.35	6.069570159	4.559369439	4.443540871	4.04072539	-6.473850175	2.11	-0.63	2.25	0.44	8.133976387	-2.006443429	2.21827796	1.305632096
31/05/1995	1.75	1.03	-1.42	-0.21	2.65	6.941921955	3.019632284	5.719727478	2.641858494	1.206612687	2.9	-2.2	1.68	0.54	7.372249061	-3.49642702	2.86574132	1.44689493
30/06/1995	-0.38	2.57	-4.04	0.28	0.18	2.853391245	4.476208062	-3.170134115	1.970730828	3.194691695	2.72	2.93	-2.27	0.47	7.929126368	0.031347098	1.60773094	1.456993167
31/07/1995	5.77	1.1	3.38	1.75	2.7	7.212015295	4.766362181	-2.205240962	1.82062671	5.61130879	3.72	2.09	-1.69	0.45	9.630878336	2.769449786	-2.307520502	1.467094421
31/08/1995	5.58	-0.48	3.76	-2.04	2.27	11.24761253	3.200518304	2.933497645	-0.04661196	5.220346322	0.55	1.6	2.72	0.47	7.127160512	6.762536792	-1.308305526	1.39644894
30/09/1995	1.7	1.31	5.16	0.96	1.34	13.57038942	1.932772832	12.80206974	0.63117328	6.438709286	3.35	-2.11	-0.76	0.43	7.78419041	1.534875416	0.216553357	1.356080094
31/10/1995	1.45	-2.62	3.03	4.03	0.19	8.93179547	-1.817869254	12.42017068	2.886102765	3.837334794	-1.52	-3.74	-0.75	0.47	2.33886494	-4.263423376	1.17478304	1.376260499
30/11/1995	4.62	2.61	0.03	0.76	4.52	7.94131883	1.230591196	8.378851904	5.826906029	6.121817079	3.96	-1.17	0.95	0.42	5.809531568	-6.873564294	-0.56859085	1.325809488
31/12/1995	3.16	0.74	2.45	1.65	4.38	9.490918884	0.661037973	5.585901271	6.550168362	9.305262154	1.03	0.57	0.86	0.49	3.434320022	-4.323979579	1.054533725	1.386344673
31/01/1996	4.68	1.29	8.88	1.21	0.51	12.97692843	4.702778151	11.58102427	3.661852734	9.654375678	2.26	-2.61	0.32	0.43	7.404483809	-3.200834939	2.143988144	1.345979849
29/02/1996	-2.66	4.06	1.01	1.34	3.38	5.115410179	6.182351568	12.67419036	4.258556531	8.458375024	1.33	1.87	-1.44	0.39	4.687344597	-0.2233032	-0.274279629	1.315703217
31/03/1996	2.61	0.43	2.59	1.82	0.21	4.554984863	5.855604208	12.82816192	4.432919095	4.1254432	0.73	1.3	0.99	0.39	4.376484423	0.500938509	-0.145741619	1.21488154
30/04/1996	1.69	1	4.01	0.76	2.82	1.568555701	5.55253258	7.781567976	3.968589349	6.518536164	2.06	4.92	-3.9	0.46	4.172345005	8.271470052	-4.346150016	1.245115997
31/05/1996	1.75	4.12	-0.39	0.18	4.44	6.170130908	5.61339316	6.28771395	2.778500898	7.610716937	2.36	3.04	-1.21	0.42	5.231236897	9.514992384	-4.122931819	1.275371535
30/06/1996	0.79	0.28	-4.24	3.38	1.9	4.286984643	5.45565136	-0.788463906	4.353186238	9.425526952	-1.14	-3.58	1.55	0.4	3.277673778	4.239245466	-3.591283555	1.285459728
31/07/1996	-5.34	-4.32	0.74	3.22	-0.56	-2.922549255	-0.099042355	-3.907603634	6.900911905	5.828383584	-5.97	-3.84	4.42	0.45	-4.848131831	-4.463916851	4.755444029	1.27537756
31/08/1996	2.37	5.85	7.24	1.37	1.32	-2.331020808	1.560856384	3.452952378	8.170747053	2.666907552	2.77	2.29	-0.43	0.41	-4.467003793	-5.159297891	5.582544407	1.26529238
30/09/1996	3.75	1.04	-5.19	0.96	0.58	0.537321075	2.330563712	2.426633406	5.638601494	1.336973126	5.01	-0.87	-3.13	0.44	1.476026013	-2.493685957	0.716701888	1.305637118
31/10/1996	1.17	2.56	-7.73	4.45	3.18	7.451518838	9.688781504	-6.185175061	6.897422264	5.148319461	0.86	-4.47	5.1	0.42	8.846878482	-3.132506442	1.372585409	1.275381577
30/11/1996	5.58	3.5	5.48	0.19	1.04	10.82085923	7.25355584	-7.724843952	5.653080168	4.857739818	6.25	-3.91	1.21	0.41	12.53265388	-9.00383756	3.042275477	1.275381577
31/12/1996	-0.96	1.42	-3.81	3.21	1.96	5.789859254	7.65692432	-6.381739688	8.007670405	6.296432211	-1.7	3.21	0.86	0.46	5.34196625	-5.258610658	7.286506706	1.295547921
31/01/1997	5.31	1.53	7.4	-1.14	3.62	10.11890954	6.57573641	8.969341688	2.227269471	6.749721901	4.98	-1.84	-1.65	0.45	9.64504875	-2.650321598	0.396079301	1.325809487
28/02/1997	1.77	1.15	10.1	1.4	3	6.145116725	4.155900849	13.74217406	3.461873684	8.82048056	-0.49	-2.9	5.18	0.39	2.689682834	-1.627081144	4.334152958	1.305627073
31/03/1997	-3.06	0.25	1.5	3.17	1.18	3.894462998	2.954338988	20.021111	3.421776068	7.98799748	-5.02	-0.38	3.78	0.43	-0.77857502	-5.048830768	7.354733234	1.275374546
30/04/1997	3.62	2.88	-0.4	1.18	0.14	2.227179336	4.3232778	11.304494	5.848829684	4.36130156	4.04	-5.64	-0.07	0.43	-1.667012241	-8.724609528	9.079394937	1.255210211
31/05/1997	2.42	6.21	2.4	-2.3	1.46	2.880099318	9.54202012	3.520256	1.986495662	2.800948119	6.74	4.92	-3.91	0.49	5.477470741	-1.373697546	-0.347603541	1.35607206
30/06/1997	2.92	3.63	-2.9	2.99	2.76	9.226530037	13.23530718	-0.9673216	1.808560514	4.406260414	4.1	1.35	1.21	0.37	15.60544014	0.339045912	-2.815387882	1.295518796
31/07/1997	6.68	3.18	2	1.17	4.18	12.45209636	13.56550345	1.419008	1.798498391	8.618376373	7.33	-2.79	0.85	0.43	19.26116772	3.369633882	-1.920663144	1.295518796
31/08/1997	-3.55	2.07	-3.1	1.55	0.38	5.897331512	9.138790484	-4.028302	5.810005237	7.462178398	-4.15	7.29	1.37	0.41	7.093713005	5.704613221	3.468647904	1.214877523
30/09/1997	4.82	2.69	-0.2	0.6	2.81	7.852295852	8.148821719	-1.359676	3.35456381	7.51446634	5.35	2.61	0.01	0.44	8.379660568	7.018750495	2.241868164	1.285466757
31/10/1997	-4.05	-3.49	-1.3	1.01	-3.37	-2.995615045	1.157615663	-4.5509806	3.19110893	-0.277184849	-3.8	-0.66	1.94	0.42	-2.85918805	9.363673225	3.346911658	1.275381577
30/11/1997	1.12	1.6	3.2	1.84	-0.16	1.701227648	0.691816904	1.6546832	3.485795504	-0.813649485	2.98	-4.96	0.77	0.39	4.36683166	-3.12309159	2.735210494	1.255209207
31/12/1997	2.36	5.04	-0.8	-0.4	1.05	-0.685578496	2.996089664	1.0435328	2.457109664	-2.511616384	1.32	-2.32	3.45	0.48	0.374441232	-7.777639475	6.268948361	1.295533862
31/01/1998	-0.34	-1.96	9.1	0.24	-0.37	3.154510131	4.628915456	11.6904704	1.676078336	0.515033216	0.15	-1.16	-1.43	0.43	4.495845004	-8.241814835	2.755839121	1.30562105
28/02/1998	4.05	4.94	-4.6	-0.31	2.23	6.143461028	8.06848807	3.2487488	-0.470461024	2.921192364	7.04	0.01	-0.15	0.39	8.615607392	-3.443433309	1.817709003	1.30562105
31/03/1998	5.39	3.44	-2.2	0.89	2.89	9.285456797	6.422357254	1.7916092	0.818626378	4.795264546	4.76	-0.93	1.03	0.39	12.30330666	-2.069419921	-0.564106906	1.21488154
30/04/1998	-0.09	0.29	-8.5	0.78	0.19	9.559602534	8.864730814	-14.629402	1.36174348	5.384297449	0.73	0.22	0.78	0.43	12.95369026	-0.702117205	1.665306949	1.21488154
31/05/1998	-0.22	-2.9	-18.4	1.76	-1.61	5.063499672	0.731516696	-26.978608	3.466456179	1.425814595	-3.07	-3.75	4.15	0.4	2.285138236	-4.435344275	6.043482411	1.224963708
30/06/1998	1.33	0.21	-5.3	-1.23	0.05	1.016077633	-2.413908661	-29.293192	1.292317146	-1.37377053	3.18	-3.14	-2.34	0.41	0.74246433	-6.56714895	2.506250542	1.245130052
31/07/1998	1.15	-2.62	-20.3	0.34	0.7	2.269805351	-5.245452442	-38.4116656	0.850080397	-0.871730635	-2.46	-5.13	-0.98	0.4	-2.4479304	-11.55483357	0.716103678	1.21488656
31/08/1998	-13.97	-12.85	-19.4	4.34	-9.91	-11.82329771	-14.95510999	-39.1664246	3.407010501	-9.234009685	-16.08	-5.3	3.39	0.43	-15.54142494	-12.97914535	-0.018838605	1.245130052
30/09/1998	3.04	-0.77	13.7	-0.02	-1.44	-10.33526691	-15.78680336	-26.9611666	4.673817049	-10.58574707	6.15	-0.14	-3.26	0.46	-13.11031457	-10.28388865	-0.960704963	1.295545912
31/10/1998	0.82	9.04	-6	-2.64	-4.6	-10.62779644	-5.703358372	-13.856332	1.565106915	-15.29176038	7.13	-3.3	-2.2	0.32	-4.567438996	-8.55330486	-2.180942692	1.21483233
30/11/1998	3.96	2.77	-15.5	0.6	0.41	7.998771149	11.19754286	-9.68809	-2.075428832	-5.588252416	6.1	1.06	-3.13	0.31	20.65532319	-2.411795028	-8.349626836	1.093894563
31/12/1998	5.22	4.01	-11.1	0.23	-0.38	10.28368304	16.55403036	-29.38673	-1.830568432	-4.572866332	6.16	-0.34	-4.45	0.38	20.66668969	-2.607245068	-9.47701927	1.01338977
31/01/1999	1.25	3.17	-3.7	-4.12	0.38	10.7540459	10.27952414	-27.6589585	-3.322872856	0.40855008	3.5	0.37	-4.03	0.35	16.5780116	1.089046665	-11.17085419	1.043597123
28/02/1999	-3.52	-3.91	-4.5	-1.05	-2.25	2.7852092	3.111408725	-18.2417815	-4.908531502	-2.25141151	-4.08	-5.64	1.37	0.35	5.39267552	-5.612879049	-7.04438411	1.083889655
31/03/1999	1.1547	3.45	32.2	-3.36	1.82	-1.186019758	2.556246828	21.579713	-8.314481536	-0.09273961	3.45	-3.93	-2.65	0.43	2.7022634	-9.012936888	-5.293257908	1.134240267
30/04/1999	3.21	3.33	-3.6	-5.63	1.2	0.726823711	2.715294997	21.705964	-9.758423264	0.7233986	4.33	3.96	2.54	0.37	3.525866092	-5.758542581	1.190260853	1.154396569
31/05/1999	-0.5758	1.34	-13.3	-0.73	-1.06	3.800620502	8.327276459	10.4911736	-9.466585926	1.949596496	-2.46	3.46	2.33	0.34	5.274322129	3.330025271	2.148558677	1.144316409
30/06/1999	4.0244	4.49	24.6	0.74	1.47	6.745383728	9.416308528	4.1391848	-5.625660867	1.599151016	4.77	3.04	-3.58	0.4	6.617600091	10.82674929	1.172717284	1.114103032
31/07/1999	0.95	2.1	-6.4	-0.63	0.72	4.407969066	8.113859486	1.1143952	-0.625430967	1.11725781	-3.47	2.66	-0.8	0.38	-1.353427233	9.440881894	-2.122746688	1.124177168
31/08/1999	-1.686	0.2	21.8	-1.08	-0.36	3.242118828	6.89765858	42.0499808	-0.97579965	1.832661898	-1.38	-1.35	-1.27	0.39	-0.261174838	4.352822336	-5.566097728	1.174567928
30/09/1999	1.24	-0.14	12.2	0.87	-0.23	0.478657989	2.16097412	27.9133856	-0.848013805	0.126585962	-2.81	3.33	-3.37	0.39	-7.477174597	4.646517197	-5.360423392	1.16449078
31/10/1999	2.491	4.99	1.7	1.68	0.38	2.012462962	5.052700028	38.9828132	1.456918147	-0.211410854	6.13	-6.87	-2.97	0.39	1.724308091	-5.067892591	-7.43066413	1.174568932
30/11/1999	3.89	-0.4	-10.9	-3.35	4.85	7.798225859	4.423641944	1.6696934	-0.871298636	5.006358611	3.37	7.4	-6.51	0.36	6.623826074	3.352339946	-12.34369279	1.144334476
31/12/1999	8.76	3.33	-5.4	-0.6	8.09	15.80536393	8.052222332	-14.2784938	-2.31592232	13.76302799	7.72	7.15	-8.69	0.44	18.17592905	7.17316583	-17.16964285	1.194710178
31/01/2000	-2.33	-3.12	5.1	-4.96	4.17	10.3580792	-0.294320416	-11.4126814	-8.69497696	18.05832462	-4.74	5.01	-0.45	0.41	6.072166226	20.84456291	-15.01842674	1.214870494
29/02/2000	3.76	0.32	-14.2	-7.6	6.72	10.21998554	0.426443533	-14.6936932	-12.70994176	20.16389512	2.45	22.08	-10.49	0.43	5.128116764	37.36223687	-18.63621111	1.285466757
31/03/2000	-0.63	14.83	9.3	0.32	0.41	0.70393493	11.60329537	-1.4378506	-11.90202573	11.62602192	5.2	-17.17	7.86	0.47	2.66875124	6.184919086	-3.888968687	1.315719286
30/04/2000	-7.93	-2.75	-4.5	3.57	-3.94	-5.070018542	12.02952596	-10.440673	-3.995084224	2.935544451	-6.4	-7.77	8.57	0.46	0.8796464	-6.738071733	4.81943415	1.366170297
31/05/2000	-3.13	2.4	14.4	0.38	-2.22	-11.37367672	14.3523072	19.412436	4.296249411	-5.687429381	-4.42	-4.94	2.39	0.5	-5.88505024	-27.37975998	19.90237809	1.43682281
30/06/2000	3.42	7.98	-3.6	-6.47	2.24	-7.761554252	7.5308032	5.318928	-2.76287672	-3.968556717	4.64	13.95	-10.03	0.4	-6.386042368	-0.095661599	0.014991253	1.3661492
31/07/2000	0.16	3.1	12.4	3.67	0.41	0.343246726	13.99923712	23.9565184	-2.668991306	0.380150115	-2.51	-2.78	8.15	0.48	-2.495462291	5.309549814	-0.371913936	1.3863296
31/08/2000	4.73	4.4	-4.1	-1.53	2.06	8.485064826	16.22578472	3.9111024	-4.52097603	4.77396319	7.03	-1.11	-0.69	0.5	9.185087581	9.552507691	-3.36883263	1.3863296
30/09/2000	-5.26	-1.59	-4.8	2.87	0.73	-0.620044077	5.92498124	2.6176032	5.013655466	3.226538656	-5.45	-1.4	6.23	0.51	-1.343176312	-5.205114012	14.09501956	1.49741024
31/10/2000	-2.46	-2.37	-15.9	1.21	0.28	-3.219639569	0.305101052	-23.2193912	2.521771677	3.092892106	-2.76	-3.77	5.55	0.56	-1.596168474	-6.170418858	11.35209722	1.57822028
30/11/2000	-3.42	1.61	-0.8	1.95	-0.85	-10.75100534	-2.375466304	-20.5773056	6.144964177	0.153441626	-10.72	-2.77	11.29	0.51	-17.91559302	-7.745473006	24.78476387	1.588327566
31/12/2000	2.46	5.47	1.3	0.94	3.31	-3.478446353	4.628183812	-15.4882464	4.153520793	2.718674222	1.19	0.96	7.3	0.5	-12.15101912	-5.537352482	26.04165644	1.57822028
31/01/2001	2.2	3.98	11.5	-6.41	0.03	1.132897096	11.43335607	12.045904	-3.688093953	2.462594559	3.13	6.56	-4.88	0.54	-6.829849878	4.602927565	13.5867585	1.55801777
28/02/2001	-3.23	0.99	4.1	12.12	1.47	1.331853924	10.75341629	17.5804295	5.919479215	4.860105597	-10.05	-0.72	12.91	0.38	-6.130656323	6.808378573	15.24019142	1.42666226
31/03/2001	-4.96	-0.18	-23.3	4.82	0.92	-6.006447424	4.820385076	-10.9731595	9.990883806	2.434245057	-7.26	0.39	6.49	0.42	-13.96933558	6.205359795	14.37025148	1.345924618
30/04/2001	4.1	3	-8.8	-3.97	0.47	-4.259013472	3.83246454	-27.1816336	12.8584739	2.884820563	7.94	0.5	-4.69	0.39	-9.956851378	0.16552796	14.59870341	1.194722224
31/05/2001	1.08	5.01	-14.2	0.72	0.93	0.005155712	7.96561146	-39.9825568	1.383388251	2.337291213	0.72	2.6	3.13	0.32	0.824301603	3.5151407	4.672431875	1.134235242
30/06/2001	-0.76	1.43	-0.2	-2.32	0.8	4.424575472	9.70699229	-21.9068992	-5.522520851	2.215605968	-1.94	6.03	-1.09	0.28	6.608054941	9.3307139	-2.778192913	0.993239494
31/07/2001	-1.37	1.19	3.4	6.31	0.3	-1.06247955	7.779131552	-11.4602344	4.591281978	2.04265232	-2.13	-4.35	5.61	0.3	-3.337684482	4.05455507	7.728413036	0.902698688
31/08/2001	-1.03	1.17	-22.3	5.72	0.7	-3.127756244	3.837870099	-19.8188836	9.783462378	1.8101168	-6.46	2.5	2.56	0.31	-10.2284254	3.953137375	7.132997586	0.892640604
30/09/2001	-6.89	-2.62	-5.9	6.56	-2	-9.111501248	-0.308273783	-24.3983662	19.76377714	-1.017942	-9.25	-6.11	1.56	0.28	-16.92055482	-7.949070375	10.00330841	0.892640604
31/10/2001	1.73	-0.67	-29.39	-6.17	0.13	-6.254821271	-2.140733618	-48.37300423	5.704404186	-1.1857082	2.46	7.56	-8.02	0.22	-13.02421627	3.5127861	-4.193690867	0.81216791
30/11/2001	5.56	3.14	33.74	-5.01	0.75	-0.012720353	-0.235200804	-11.13778103	-5.024012925	-1.1366445	7.54	-0.4	2	0.17	-0.00667327	0.584131664	-4.71681424	0.671467047
31/12/2001	1.79	6.98	-15.05	-1.25	1.17	9.308400765	9.599899548	-19.77847501	-11.98499696	2.061282408	1.61	4.56	1.08	0.15	11.95947029	12.01487706	-5.16714832	0.540959561
31/01/2002	-1.71	2.25	-15.6794	7.34	1.39	5.61213714	12.82180337	-4.201570311	0.687737675	3.345584973	-1.44	1.19	3.35	0.14	7.697885926	5.381046944	6.5555036	0.460703357
28/02/2002	-0.29	-1.48	-3.4	3.94	0.18	-0.240752234	7.76812166	-30.80508219	10.17458105	2.760900273	-2.29	-1.14	2.51	0.13	-2.146546086	4.59809539	7.088281118	0.420587273
31/03/2002	2.99	1.36	22	0.23	0.62	0.935307274	2.10671912	-0.626486488	11.82580515	2.202251512	4.24	4.26	1.11	0.13	0.386222182	4.297986088	7.120064344	0.400533237
30/04/2002	-1.05	0.47	-12	5.87	1.22	1.613070045	0.329213398	3.70976	10.29437294	2.030889615	-5.2	5.94	3.92	0.15	-3.443447008	9.193879298	7.710857151	0.410559254
31/05/2002	0.61	-0.85	21.5	3.21	-0.4	2.530247491	0.970782668	30.4424	9.519744382	1.440173744	-1.38	-3.22	1.7	0.14	-2.544189376	6.896455983	6.859761704	0.420587273
30/06/2002	-5.6	-2.26	-6.6	4.63	-1.19	-6.02140632	-2.635316713	-0.13672	14.32755517	-0.384579928	-7.21	4.26	0.12	0.13	-13.2489959	6.896455983	5.813463968	0.420587273
31/07/2002	-6.82	-7.41	3	4.21	-2.11	-11.50151229	-10.27176246	16.88543	12.53494403	-3.661791436	-8.18	-5.37	-3.52	0.15	-15.97597894	-4.515653864	-1.762095808	0.420587273
31/08/2002	1.43	0.41	6.1	0.7	2.3	-10.78022454	-9.131494389	2.070322	9.798167461	-1.050213493	0.5	-2.43	2.53	0.14	-14.37422311	-3.736230083	-0.960350867	0.420587273
30/09/2002	-2.05	-6.01	2.3	4.05	1.15	-7.425031717	-12.6178551	11.796509	9.189518535	1.293096905	-10.35	2.55	1.26	0.14	-17.27178685	-5.315081479	0.167347894	0.430616294
31/10/2002	1.55	2.5	18.3	-2.56	-2.35	0.890620618	-3.265257025	28.4031749	2.09602424	1.044753425	7.84	-2.86	-5.4	0.14	-2.8380472	-2.803624801	-1.784503412	0.420588274
30/11/2002	5.59	7.33	-0.8	-6.4	-0.2	5.028498778	3.401453675	20.0527328	-5.10240448	-1.42457095	5.96	2.95	-0.95	0.12	2.440602176	2.555773565	-5.11806362	0.400532235
31/12/2002	-5.04	-2.76	-7	5.82	0.41	1.822422092	6.9768843	9.138848	-3.488096512	-2.14573573	-5.76	0	2.21	0.11	7.685469594	0.00563	-4.22790127	0.370454185
31/01/2003	-0.45	-3.71	21.8178	0.23	0.51	-0.182943188	0.495650627	12.38422957	-0.724670704	0.720246818	-2.57	1.44	-0.83	0.1	-2.709613293	4.43248	0.398721259	0.330362132
28/02/2003	-1.21	-1.9	-6.7052	2.07	-0.92	-6.611165428	-8.146619524	5.694195773	8.25889809	-0.006392237	-1.88	-0.35	-1.47	0.09	-9.908147002	1.08496	-0.128359358	0.300299099
31/03/2003	0.32	3.14	-17.6334	-0.84	-0.47	-1.339849576	-2.573450614	-6.390628542	1.445401008	-0.882742948	1.09	1	-1.93	0.1	-3.359662356	2.0958096	-4.173644479	0.29028009
30/04/2003	6.73	6.63	8.4379	-1.56	0.34	5.775970414	7.888596542	-16.67224608	-0.366304747	-1.050387298	8.22	0.61	1.11	0.1	7.342885558	1.26044365	-2.299054082	0.29028009
31/05/2003	5.3301	2.63	3.8733	-3.3	1.6	12.77855594	12.87060819	-7.223888352	-5.608128432	1.466296432	6.05	4.84	-0.1	0.09	16.01827368	6.53431924	-0.940581577	0.29028009
30/06/2003	2.35	3.93	-8.2927	-0.23	0.5	15.0606579	13.7351397	3.297291667	-5.027460404	2.4551672	1.42	1.6	0.57	0.1	16.3970058	7.167196384	1.584640673	0.29028009
31/07/2003	3.4	2.55	12.5	-2.7	0.33	11.4707395	9.383274654	7.166823707	-6.12730493	2.4449564	2.35	5.34	-1.02	0.07	10.08347389	12.2054713	-0.555358186	0.260223063
31/08/2003	2.1856	1.18	8.437	-1.285	1.62	8.142918294	7.837861537	11.87522551	-4.171219299	2.46512273	2.34	2.65	2.1	0.07	6.232368858	9.86161416	1.634613906	0.240189049
30/09/2003	-0.3018	0.93	9.3961	1.13	0.65	5.34102879	4.725058837	33.45408008	-2.864943447	2.618055749	-1.24	0.81	0.01	0.08	3.446152124	9.007375231	1.068685858	0.220161039
31/10/2003	4.37	5.63	15.1518	2	2.9	6.329237668	7.870384836	36.59980034	1.82708909	5.24666537	6.08	2.81	1.93	0.07	7.216099827	6.389294167	4.080937053	0.220161039
30/11/2003	0.99	1.97	0.8864	1.17	0.66	5.085155952	8.712622472	27.08819035	4.35948542	4.25240441	1.35	2.16	1.96	0.07	6.178930208	5.881444638	3.938220783	0.220161039
31/12/2003	3.68	2.22	12.8787	-1.421	1.86	9.282103078	10.10209322	31.13401403	1.727021786	5.505712004	4.29	-3.05	2.35	0.08	12.12434823	1.827259772	6.370131958	0.220161039
31/01/2004	2.0231	1.62	15.0307	-0.473	1.52	6.824747826	5.922320491	30.99610625	-0.73935983	4.090766595	2.15	2.74	1.96	0.07	7.970420173	1.757928888	6.401438776	0.220161039
29/02/2004	1.6548	-0.16	11.5305	1.15	2.1	7.527956979	3.709762458	44.81695479	-0.758982375	5.579845712	1.4	-1.43	0.48	0.06	8.02368629	-1.817941949	4.856969088	0.210146034
31/03/2004	-0.5175	1.94	9.5549	0.36	-0.17	3.174671876	3.425681715	40.55270835	1.033978118	3.475711736	-1.32	1.77	0.25	0.09	2.21284268	3.063311479	2.70553152	0.220159038
30/04/2004	-1.6112	-1.41	-14.1377	-2.63	-0.42	-0.500649791	0.341841766	4.912678185	-1.155681882	1.498338994	-1.83	-2.12	-2.62	0.08	-1.769605816	-1.811982407	-1.90795744	0.230174043
31/05/2004	-0.1804	0.3	8.0535	0.57	-1.1	-2.296936907	0.804153938	1.641990956	-1.722460968	-1.682803854	1.17	-0.19	-0.35	0.06	-1.992416375	-0.576787704	-2.718232075	0.230174043
30/06/2004	1.9389	2.3	-11.8318	1.19	1.03	0.115525629	1.16014271	-18.19999482	-0.909683393	-0.500988414	1.86	2.23	1.35	0.08	1.165914755	-0.127395176	-1.650801205	0.220160038
31/07/2004	-1.6125	-1.13	-3.6352	1.25	-0.22	0.114202814	1.44744203	-8.194386375	3.038867788	-0.301151074	-4.06	-3.8	4.09	0.1	-1.132139537	-1.841595994	5.125981748	0.240188048
31/08/2004	0.25	0.27	19.9321	-1.59	-0.98	0.545873076	1.417098827	1.898041561	0.825842487	-0.180181793	0.08	-1.59	0.96	0.11	-2.197336413	-3.218429634	6.507969064	0.290278088
30/09/2004	2.28	1.53	12.2081	2.75	0.69	0.882311837	0.65374432	29.68151371	2.380228437	-0.516109124	1.6	3.05	-0.24	0.11	-2.446979968	-2.44213219	4.837049766	0.320341121
31/10/2004	1.55	0.76	-10.6	-1.11	0.89	4.12500335	2.577842396	20.30873645	-0.006115653	0.590596818	1.43	0.33	-0.56	0.11	3.135322304	1.746162967	0.153676902	0.330363133
30/11/2004	3.73	4.52	13.2456	0.27	2.99	7.739517182	6.925661586	13.60123807	1.883820583	4.623566616	4.54	3.9	1.81	0.15	7.731480752	7.422277535	0.996888326	0.370451182
31/12/2004	2.35	4.13	13.4286	0.56	1.59	7.813253653	9.663834738	14.83689139	-0.287717783	5.558726115	3.43	0.16	-0.04	0.16	9.671919825	4.409658592	1.199368054	0.420581264
31/01/2005	-0.3827	0.21	-8.7497	3.15	0.5	5.761351384	9.06523302	17.21365537	4.007704628	5.150678705	-2.76	-1.53	1.95	0.16	5.141452073	2.474026528	3.753776882	0.470736384
28/02/2005	1.1192	1.94	29.0236	2.71	1.95	3.099423917	6.373037256	33.54450667	6.538659044	4.088860025	1.89	-0.49	1.65	0.16	2.476205775	-1.855723005	3.59072213	0.48076841
31/03/2005	-0.03	-1.25	0.2006	1.51	-0.31	0.701997157	0.877148075	17.97059732	7.545140011	2.142124775	-1.97	-1.42	1.54	0.21	-2.873997369	-3.403925457	5.228110495	0.530928538
30/04/2005	-1.61	-3.03	-4.9776	-0.79	-0.82	-0.538666474	-2.384422225	22.84725954	3.437259724	0.800556569	-2.61	-4	-0.35	0.21	-2.724173219	-5.82692032	2.854156065	0.581113706
31/05/2005	1.0749	0.75	9.207	0.78	0.22	-0.582240168	-3.523940937	3.979277219	1.493593954	-0.909938408	3.65	2.87	-0.81	0.24	-1.04387628	-2.64712384	0.365014659	0.661450058
30/06/2005	2.6484	2.8	3.5	1.05	1.04	2.081364192	0.4327987	7.403101301	1.033668299	0.431937238	0.57	2.59	2.69	0.23	1.520119989	1.31295968	1.501707262	0.681540159
31/07/2005	2.7357	1.48	4.0575	0.08	1.93	6.590104759	5.1038508	17.61540662	1.919660552	3.216650158	3.92	2.89	-0.54	0.24	8.327044556	8.584275224	1.308176661	0.711681325
31/08/2005	0.3935	1.56	-7.0217	0.45	0.94	5.871523812	5.948854464	0.137175831	1.58592878	3.958178677	-1.22	-0.93	1.27	0.3	3.237293403	4.573190886	3.43259452	0.771963656
30/09/2005	1.45	2.72	3.5098	0.17	3.66	4.635494472	5.866403994	0.146657418	0.701261612	6.653847997	0.49	-0.58	0.76	0.29	3.155171662	1.341910887	1.488637879	0.832288088
31/10/2005	-3.01	-2.35	2.06	0.02	-1.95	-1.216455343	1.870854848	-1.775769588	0.640889153	2.594033122	-2.02	-1.21	0.25	0.27	-2.741111244	-2.696400267	2.29475113	0.862465349
30/11/2005	1.03	3.36	1.93	0.91	1.92	-0.590162544	3.676364288	7.680994446	1.101763309	3.590091696	3.61	0.89	-1.19	0.31	2.014511682	-0.90885054	-0.19014161	0.872521427
31/12/2005	2.25	2.89	16.15	0.03	3.03	0.193749432	3.847947056	20.83056392	0.960461055	2.960516568	-0.25	-0.49	0.4	0.32	1.263285305	-0.819148232	-0.5467469	0.902695678
31/01/2006	3.22	6.96	3.7637	1.18	3.45	6.629537235	13.74886244	22.84760322	2.131368221	8.630958072	3.04	5.43	1.12	0.35	6.49284464	5.847122198	0.316338688	0.983200472
28/02/2006	-0.31	1.78	5.05	-1.4	-0.14	5.215268405	12.01005436	26.6078752	-0.206590956	6.435316651	-0.3	-0.38	-0.25	0.34	2.4740528	4.514722107	1.2706688	1.013401808
31/03/2006	2.05	5.02	-2.63	1.48	-0.08	5.009468369	14.32885518	6.136967782	1.239979504	3.222525864	1.46	3.51	0.51	0.37	4.230750848	8.715896747	1.38162272	1.063747403
30/04/2006	2.2573	0.42	5.03	1.83	1.36	4.030078569	7.338291295	7.432230406	1.890364824	1.137121523	0.73	-1.34	2.61	0.36	1.894056026	1.734898729	2.875477723	1.073818529
31/05/2006	-1.9653	-2.41	3.13	-0.06	-2.44	2.302713847	2.919471876	5.468690354	3.27508175	-1.192293453	-3.57	-3.03	2.57	0.43	-1.447905491	-0.97135987	5.783837093	1.164476728
30/06/2006	0.1951	1.9	4.45	2.01	0.6	0.443220423	-0.138124318	13.13756504	3.81445693	-0.519863104	-0.35	-0.38	0.86	0.4	-3.206029786	-4.692946288	6.152201862	1.194714192
31/07/2006	-0.2427	-0.54	-5.82	-0.47	0.21	-2.012428719	-1.092788734	1.450022613	1.469634668	-1.648534744	-0.78	-4.07	2.92	0.4	-4.657026461	-7.33016762	6.472903378	1.23504688
31/08/2006	1.4892	2.18	1.47	-2	1.57	1.440410582	3.559164332	-0.182936153	-0.50005806	2.393996782	2.03	0.92	-1.72	0.42	0.879846419	-3.555331713	2.019664074	1.22496672
30/09/2006	1.1768	0.39	2.97	0.06	-0.06	2.434311991	2.024578089	-1.597289954	-2.40207636	1.722227022	1.84	-1.36	0.03	0.41	3.096874654	-4.504094762	1.180120933	1.235048888
31/10/2006	3.12	4.15	19.08	0.01	1.08	5.887250883	6.835509833	24.41914114	-1.93139412	2.605355826	3.23	1.75	-0.05	0.41	7.26355947	1.28956904	-1.739670742	1.24513206
30/11/2006	1.71	2.04	6.67	-0.74	1.08	6.117619286	6.689131174	30.79520829	-0.670512044	2.110361002	1.71	0.86	0.04	0.42	6.927145287	1.22934932	0.019976994	1.24513206
31/12/2006	1.9925	0.77	-0.02	1.58	2.69	6.973152789	7.092974882	26.99723147	0.838390831	4.920081762	0.87	-1.1	3.16	0.4	5.908691527	1.49617445	3.149663368	1.235048888
31/01/2007	2.42	4.26	5.49	0.27	1.01	6.246996786	7.206083161	12.50367776	1.100544432	4.847422425	1.4	0.1	-0.13	0.44	4.031205278	-0.14970946	3.067102357	1.265295392
28/02/2007	-0.0598	-0.33	4.97	1.51	-0.41	4.39825099	4.716094753	10.71070643	3.392265417	3.301887607	-1.96	1.32	-0.1	0.38	0.277449272	0.30568548	2.922866108	1.224958688
31/03/2007	1.37	2.18	-3.87	1.77	1.75	3.761067754	6.181309536	6.447491589	3.585655163	2.356286533	0.68	-0.06	-0.23	0.43	0.088565408	1.360467208	-0.459341299	1.25520519
30/04/2007	-0.5231	1.85	-12.12	-0.39	2.86	0.779431369	3.726897911	-11.32234751	2.903830765	4.230943795	3.49	-2.07	-1.15	0.44	2.151534853	-0.836857606	-1.475977645	1.25520519
31/05/2007	1.2282	2.86	6.8	0.03	3.07	2.078247137	7.046741438	-9.776381008	1.403508929	7.873113535	3.24	-0.01	-0.07	0.41	7.569608917	-2.138545124	-1.446390851	1.285466757
30/06/2007	0.6315	-0.5	12.24	1.45	0.42	1.33458742	4.23909545	5.343794816	1.084661304	6.463076768	-1.96	0.79	-1.11	0.4	4.74895171	-1.306223365	-2.315661935	1.255211216
31/07/2007	-1.8628	-2.74	1.52	0.23	-0.65	-0.030130889	-0.45857218	21.69437926	1.71384	2.830125189	-3.73	-2.5	-3.34	0.4	-2.558879301	-1.739577025	-4.479836952	1.21488656
31/08/2007	-0.31	-1.23	1.65	-1.08	-2.4	-1.549210085	-4.41661651	15.82615779	0.585154982	-2.62714448	0.92	-0.1	-2.25	0.42	-4.748567406	-1.82802025	-6.563635165	1.22496672
30/09/2007	3.0333	-0.13	10.68	-0.24	1.3	0.800542301	-4.061180813	14.21631454	-1.090438038	-1.7738472	3.22	-2.28	-1.91	0.32	0.284097025	-4.818277	-7.319516365	1.144309376
31/10/2007	1.7467	-0.04	-3.46	1.34	2.77	4.508000405	-1.39785764	8.613504788	0.004938733	1.60746576	1.8	0.22	-2.62	0.32	6.044677232	-2.162950984	-6.629158945	1.063716301
30/11/2007	-2.8745	-2.6	3.06	1.51	-1.55	1.819558565	-2.765529352	10.12009644	2.623345438	2.492366845	-4.83	-2.61	-1.18	0.34	0.002694532	-4.621119082	-5.607094496	0.983203482
31/12/2007	-0.1053	-2.77	11.28	1.89	0.83	-1.282068448	-5.335860808	10.71706119	4.814481423	2.016834639	-0.87	0.19	-0.44	0.27	-3.959822622	-2.21029391	-4.19250003	0.932872938
31/01/2008	-2.7692	-2.22	9	-3.58	-1.62	-5.663540349	-7.400364844	25.00683312	-0.274202696	-2.340992587	-6.36	-0.87	3.69	0.21	-11.65813154	-3.273861857	2.015605585	0.822200928
29/02/2008	-0.5033	-0.05	8.95	4.57	0.87	-3.36043135	-4.976041747	32.1511204	2.732012847	0.05956402	-3.09	-0.21	-0.88	0.13	-10.04297076	-0.890221529	2.325306877	0.611191737
31/03/2008	-0.8734	-1.24	-14.46	-2.02	-2.62	-4.103502331	-3.480755764	1.5834547	-1.210299159	-3.364074737	-0.93	0.91	-0.18	0.17	-10.09741867	-0.177984374	2.59252845	0.510851464
30/04/2008	2.95	2.8	5.07	-0.56	1.27	1.537212849	1.47451736	-2.079141419	1.883922958	-0.525308484	4.6	-1.65	-0.99	0.18	0.425138902	-0.963429468	-2.037937682	0.480761398
31/05/2008	1.6989	0.26	-3.47	2.01	1.56	3.784576331	1.789245728	-13.24184967	-0.610318629	0.155146926	1.86	3.15	-1.49	0.18	5.554686292	2.371202028	-2.640811552	0.530936551
30/06/2008	-5.591	-8.16	4.61	4.7	-0.52	-1.154704521	-5.343010048	6.099720673	6.206364968	2.314992978	-8.44	1.32	-2.47	0.17	-2.446885264	2.78713893	-4.87435735	0.530936551
31/07/2008	-2.4025	-1.11	1.49	-2.97	-2.31	-6.29379577	-8.943290502	2.484635492	3.632377241	-1.301948613	-0.77	2.44	5.89	0.15	-7.455109223	7.061662552	1.735726697	0.500831459
31/08/2008	-0.5064	4.34	-1.63	-2.45	-2.21	-8.325777357	-5.237811002	4.438139369	-0.898555045	-4.965710465	1.53	3.61	1.57	0.13	-7.754930684	7.539106709	4.895926917	0.450671332
30/09/2008	-7.38	-4.51	-2.55	-0.79	-5.88	-10.06295479	-1.471674353	-2.710097682	-6.094991843	-10.0861748	-9.24	-1.11	6.26	0.15	-8.560916436	4.959951268	14.28525781	0.430615293
31/10/2008	-12.27	-17.23	-1.3	-1.13	-4.93	-19.15595198	-17.53271803	-5.384635345	-4.314251711	-12.49762144	-17.23	-2.25	-2.75	0.08	-23.7285806	0.154580597	4.960254245	0.360419156
30/11/2008	-4.9227	-9.13	0.08	-0.89	-1.12	-22.74443978	-28.17901176	-3.73990348	-2.78406445	-11.5222907	-7.86	-3.01	-5.85	0.03	-30.78254129	-6.244640747	-2.707414225	0.260189036
31/12/2008	2.1822	3.12	-1.76	2.19	-1.85	-14.76848299	-22.44025231	-2.959549696	0.136039248	-7.733880496	1.74	3.62	-0.21	0	-22.40872356	-1.760235355	-8.631402837	0.110024
31/01/2009	-2.8939	-5.53	-2.86	0.62	1.02	-5.659407111	-11.47675046	-4.493319731	1.908448156	-1.959362656	-8.12	0.1	-11.25	0	-13.86871476	0.601539038	-16.61734706	0.03