date	DIST	FI	MAC	ELS	MULT	mktrf	smb	hml	rmw	cma	rf
31/12/2000	235.7	156.56	241.52	283.25	191.9	1.19	3.17	7.37	1.85	5.67	0.5
31/01/2001	242.51	158.79	249.53	281.6	195.04	3.13	5.8	-4.86	-4.44	-6.55	0.54
28/02/2001	247.16	159.63	252	274.79	195.51	-10.05	2.67	12.87	9	9.56	0.38
31/03/2001	250.56	160.02	258.9	269.47	195.69	-7.26	2.32	6.46	3.41	3.93	0.42
30/04/2001	253.05	162.13	260.69	271.55	198.21	7.94	-0.63	-4.72	-2.72	-3.95	0.39
31/05/2001	259.17	162.97	266.28	272.63	199.41	0.72	3.58	3.18	0.18	2.18	0.32
30/06/2001	266.05	163.79	269.03	273.78	198.85	-1.94	6.61	-1.03	2.03	-1.8	0.28
31/07/2001	268.7	165.28	270.89	271.82	200	-2.13	-2.91	5.57	7.16	3.01	0.3
31/08/2001	272.05	166.34	273.59	273.04	201.86	-6.46	2.73	2.51	3.95	6.5	0.31
30/09/2001	269.91	166.64	276.79	268.76	200.87	-9.25	-5.69	1.6	4.96	3.27	0.28
31/10/2001	276.26	169.22	280.05	266.62	202.17	2.46	5.42	-8.1	-2.66	-4.64	0.22
30/11/2001	278.35	168.76	279.02	269.56	202.93	7.54	-0.3	2.01	-3.76	-1.66	0.17
31/12/2001	282.86	169.15	285.92	272.91	202.45	1.61	5.14	1.1	0.3	-0.29	0.15
31/01/2002	287.32	170.9	293.46	271.27	202.39	-1.44	1.19	3.33	4.35	2.84	0.14
28/02/2002	285.52	172.39	295	268.59	201.84	-2.29	-0.46	2.5	7.62	5.12	0.13
31/03/2002	289.02	173.48	294.43	271.04	203.25	4.24	4.28	1.1	-1.36	0.61	0.13
30/04/2002	291.58	175.82	299.43	272.69	204.87	-5.2	6.66	3.92	4.57	5.41	0.15
31/05/2002	292.12	178.36	301.77	274.87	206.61	-1.38	-3.07	1.68	2.27	2.42	0.14
30/06/2002	281.06	179.52	306.06	271.41	206.79	-7.21	3.78	0.12	3.62	2.51	0.13
31/07/2002	269.06	181.46	312.64	263.39	204.82	-8.18	-6.24	-3.44	4.19	-0.72	0.15
31/08/2002	269.82	183.7	316.46	266.04	206.53	0.5	-1.27	2.52	1.15	-1.61	0.14
30/09/2002	269.15	181.61	318.85	264.79	208.27	-10.35	3.07	1.32	3.24	-2.28	0.14
31/10/2002	267.21	177.49	321.13	265.01	210.36	7.84	-4.12	-5.45	-3.28	0.92	0.14
30/11/2002	277.65	176.55	325.07	266.53	214.07	5.96	2.9	-1.12	-9.13	5.12	0.12
31/12/2002	280.9	178.88	327.84	268.55	215.23	-5.76	0.5	2.23	6.04	-1.59	0.11
31/01/2003	289.66	181.14	334.49	268.36	218.39	-2.57	0.81	-0.93	-0.63	0.81	0.1
28/02/2003	292.24	182.94	340.76	267.79	218.62	-1.88	-0.89	-1.45	1.04	-0.55	0.09
31/03/2003	295.73	183.7	338.52	268.93	220.28	1.09	0.55	-2.08	1.8	-0.69	0.1
30/04/2003	305.39	186	345.82	275.48	223.69	8.22	1.06	1.03	-4.57	1.14	0.1
31/05/2003	312.33	188.38	356.07	285.62	228.08	6.05	4.83	-0.29	-6.92	3.22	0.09
30/06/2003	320.53	189.02	361.89	287.87	230.6	1.42	1.68	0.68	0.55	-0.33	0.1
31/07/2003	324.18	187.17	361.51	288.65	231.39	2.35	4.73	-1.13	-4.17	1.87	0.07
31/08/2003	327.49	187.56	366.22	291.64	233.09	2.34	2.54	2.03	-2.46	2.2	0.07
30/09/2003	334.74	189.73	377.36	295.18	237.01	-1.24	0.52	0.01	1.34	0.31	0.08
31/10/2003	341.36	190.6	377.7	302.43	239.87	6.08	2.64	1.77	-1.59	1.55	0.07
30/11/2003	345.49	191.6	379.77	307.56	241.99	1.35	2.21	1.85	0.08	1.67	0.07
31/12/2003	351.45	193.14	386.82	314.93	247.61	4.29	-2.69	2.41	0	0.97	0.08
31/01/2004	359.94	195.51	392.42	321.22	251.58	2.15	2.54	1.97	-3.53	3.4	0.07
29/02/2004	363.13	197.21	397.08	326.84	252.56	1.4	-0.91	0.5	2.28	-1.34	0.06
31/03/2004	365.26	196.25	400.95	327.5	253.59	-1.32	2.11	0.22	1.5	-1.04	0.09
30/04/2004	367.68	198.88	401.52	322.9	254.39	-1.83	-2.19	-2.62	3.31	-2.8	0.08
31/05/2004	368.62	200.14	401.71	321.73	254.06	1.17	-0.4	-0.39	-0.97	-0.08	0.06
30/06/2004	372.52	201.56	403.65	323.84	254.28	1.86	2.57	1.39	1.12	-0.41	0.08
31/07/2004	374.46	202.98	406.98	319.24	253.54	-4.06	-3.02	4.12	5.08	-1.62	0.1
31/08/2004	376.56	202.15	403.91	319.52	254.57	0.08	-1.27	1.02	1.3	-1.43	0.11
30/09/2004	381.21	200.57	401.95	327.06	256.02	1.6	3.29	-0.25	-1.34	-1.89	0.11
31/10/2004	388.29	202.85	406.86	331.78	257.53	1.43	0.29	-0.62	-0.07	0.4	0.11
30/11/2004	398.66	205.13	416.69	342.53	262.96	4.54	4.13	1.8	-1.06	-0.22	0.15
31/12/2004	406.33	206.38	419.68	351.35	266.26	3.43	0.01	-0.07	-1.26	0.51	0.16
31/01/2005	408.55	206.57	422.59	348.4	266.28	-2.76	-1.11	1.96	3.05	-1.37	0.16
28/02/2005	414.87	208.45	428.49	355.48	268.97	1.89	-0.3	1.64	1.2	-0.06	0.16
31/03/2005	417.57	209.02	430.69	351.43	269.29	-1.97	-1.4	1.59	0.47	1.11	0.21
30/04/2005	417.32	207.7	429.62	345.99	266.34	-2.61	-4.02	-0.35	0.96	-0.9	0.21
31/05/2005	417.88	205.13	429.91	347.74	263.86	3.65	2.72	-0.81	-1.31	0.28	0.24
30/06/2005	422.95	204.07	432.15	354.38	266.98	0.57	3.26	2.63	0.98	-0.53	0.23
31/07/2005	429.91	206.11	436.65	363.86	273.01	3.92	2.83	-0.51	-1.19	-0.98	0.24
31/08/2005	434.2	207.16	439.74	367.95	275.86	-1.22	-0.86	1.27	-2.23	0.45	0.3
30/09/2005	439.6	207.4	450.41	375.39	280.31	0.49	-0.31	0.76	0.49	-0.56	0.29
31/10/2005	439.16	207.95	446.53	366.8	277.42	-2.02	-1.41	0.23	-0.58	-1.26	0.27
30/11/2005	446.31	206.74	451.35	374.95	281.02	3.61	0.8	-1.19	-0.6	-1.19	0.31
31/12/2005	454.05	207.68	458.5	385.37	286.33	-0.25	-0.27	0.44	0.12	0.24	0.32
31/01/2006	465.48	210.63	473.94	401.47	294.23	3.04	5.77	1.12	-0.94	-0.54	0.35
28/02/2006	466.45	210.75	479.76	402.03	296.26	-0.3	-0.45	-0.25	-0.7	2	0.34
31/03/2006	474.53	211.95	484.86	411.88	302.34	1.46	3.45	0.6	-0.04	-0.5	0.37
30/04/2006	481.74	216.3	498.74	421.51	307.12	0.73	-0.83	2.6	1.15	-0.25	0.36
31/05/2006	483.62	218.05	495.75	409.55	306.78	-3.57	-2.99	2.55	0.96	1.34	0.43
30/06/2006	487.28	219.41	497.91	405.41	306.79	-0.35	-0.23	0.88	1.38	-0.11	0.4
31/07/2006	486.84	219.94	504.7	405.21	307.37	-0.78	-3.69	2.94	1.54	0.93	0.4
31/08/2006	492.44	219.89	500.8	411.45	309.16	2.03	0.44	-1.71	-1.74	2.15	0.42
30/09/2006	494.91	219.85	500.88	411.8	310.16	1.84	-1.43	0.05	0.88	0.53	0.41
31/10/2006	508.04	221.48	506.3	420.83	315.14	3.23	1.93	-0.04	-0.22	0.26	0.41
30/11/2006	516.11	224.06	513.57	431.79	322.25	1.71	0.81	0.07	0.09	-0.88	0.42
31/12/2006	524.79	225.67	520.55	440.78	327.96	0.87	-0.8	3.15	-0.8	2.05	0.4
31/01/2007	533.76	225.95	527.26	445.86	333.53	1.4	0.08	-0.11	0.22	0.24	0.44
28/02/2007	540.23	228.69	529.87	449.02	337.53	-1.96	1.4	-0.09	-0.47	-0.74	0.38
31/03/2007	547.11	230.74	536.26	457.41	340.3	0.68	0.07	-0.22	0.25	-0.59	0.43
30/04/2007	555.68	233.05	545.43	470.69	346.06	3.49	-2.02	-1.15	1.02	1.01	0.44
31/05/2007	567.24	233.62	555.18	481.56	353.99	3.24	0.28	-0.04	1.13	-1.29	0.41
30/06/2007	572.64	234.12	561.93	483.56	355.29	-1.96	0.76	-1.12	0.53	0.07	0.4
31/07/2007	571.24	229.52	567.32	480.24	354.38	-3.73	-2.87	-3.33	0.57	-1.04	0.4
31/08/2007	561.35	227.53	563.82	473.62	349.43	0.92	-0.34	-2.24	-0.91	-0.56	0.42
30/09/2007	567.75	231.74	586.95	489.3	355.63	3.22	-2.41	-1.86	-0.58	-3.17	0.32
31/10/2007	575.78	234.41	602.89	507.57	366.37	1.8	0.03	-2.6	-0.31	-0.1	0.32
30/11/2007	568.28	233.82	601.87	498.88	362.21	-4.83	-2.81	-1.18	1.88	-0.34	0.34
31/12/2007	568.63	234.31	610.92	500.98	361.1	-0.87	0.18	-0.51	0.7	-1.09	0.27
31/01/2008	558.96	234.97	638.05	480.67	354.58	-6.36	-0.52	3.65	1.98	2.2	0.21
29/02/2008	559.91	233.43	664.25	490.55	353.64	-3.09	-0.53	-0.94	0.76	-1.06	0.13
31/03/2008	554.07	218.43	652.97	480.43	346.94	-0.93	0.75	-0.14	1.09	0.47	0.17
30/04/2008	555.41	222.95	642.6	491	349.23	4.6	-1.15	-0.95	1.28	-2.54	0.18
31/05/2008	563.74	225.76	654.18	505.31	353.43	1.86	3.22	-1.38	0.81	0.04	0.18
30/06/2008	560.88	224.7	667.27	498.59	353.61	-8.44	1.15	-2.42	4.3	-0.42	0.17
31/07/2008	546.34	223.86	649.67	481.48	344.89	-0.77	3.66	5.88	-0.98	1.06	0.15
31/08/2008	545.97	222.3	640.79	471.3	340.54	1.53	3.42	1.52	1.85	0.81	0.13
30/09/2008	517.69	207.19	598.28	434.47	315.52	-9.24	0.35	6.33	2.95	1.77	0.15
31/10/2008	488.38	178.11	567.56	403.48	293.63	-17.23	-3.2	-2.89	3.6	1.91	0.08
30/11/2008	463.96	168.13	576.3	397.78	280.04	-7.86	-3.88	-6.02	4.83	2.72	0.03
31/12/2008	452.18	166.79	582.69	401.98	275.79	1.74	3.37	-0.25	-0.08	-1.4	0
31/01/2009	451.93	167.59	596.27	401.28	285.03	-8.12	-2.01	-11.18	0.23	-1.15	0
28/02/2009	446.52	169.28	597.54	395.92	284.77	-10.1	-1.17	-7.27	1.71	-1.12	0.01
31/03/2009	447.05	172.23	597.7	403.27	285.84	8.95	0.67	3.56	-2.33	-2.22	0.02
30/04/2009	455.09	175.55	598.86	413.52	292.25	10.19	6.71	5.53	0.28	0.14	0.01
31/05/2009	473.99	183.16	607.68	435.16	304.75	5.21	-2.33	-0.23	-0.98	-2.16	0
30/06/2009	480.82	186.51	602.52	435	309.69	0.43	2.32	-2.72	-1.06	-0.17	0.01
31/07/2009	491.62	193.31	613.24	448.02	318.96	7.72	2.44	5.28	-0.66	3.2	0.01
31/08/2009	502.03	197.92	618.52	454.36	323.51	3.33	-0.05	7.75	-3.02	3.18	0.01
30/09/2009	519.01	203.4	635.64	469.03	332.76	4.08	2.74	0.93	1.36	0.38	0.01
31/10/2009	522.69	207.35	636.99	463.35	336.48	-2.59	-4.78	-4.18	4.18	-1.66	0
30/11/2009	533.54	210.9	659.42	472.24	339.7	5.56	-2.8	-0.17	0.81	0.13	0
31/12/2009	546.91	212.5	650	480.23	343.7	2.75	6.22	0	0.48	-0.07	0.01
31/01/2010	557.97	216.79	656.95	473.03	345.64	-3.36	0.29	0.3	-1.39	0.46	0
28/02/2010	559.6	216.95	664.17	479.28	347.59	3.4	1.46	3.16	-0.33	1.4	0
31/03/2010	574.39	220.08	666.71	493.63	352.6	6.31	1.79	2.11	-0.56	1.7	0.01
30/04/2010	584.08	223.94	677.74	495.05	355.97	2	5.04	2.81	1.1	1.69	0.01
31/05/2010	569.45	222.17	673.49	474.61	348.18	-7.89	0.06	-2.38	1.37	-0.22	0.01
30/06/2010	563.19	224.22	677.29	464.78	345.35	-5.56	-2.49	-4.5	-0.21	-1.51	0.01
31/07/2010	569.38	226.92	681.7	476.53	351.1	6.93	0.09	-0.26	0.24	2.02	0.01
31/08/2010	565.72	229.74	691.8	471.2	351.14	-4.77	-3.1	-1.95	0.72	-1.69	0.01
30/09/2010	577.45	233.3	710.64	495.2	360.93	9.54	3.72	-3.13	-0.21	0.47	0.01
31/10/2010	585.07	235.87	722.14	505.12	368.24	3.88	0.78	-2.6	1.3	-0.23	0.01
30/11/2010	586.99	237.62	718.41	507.43	369.35	0.6	3.6	-0.9	0.24	1.64	0.01
31/12/2010	603.01	239.08	737.58	524.79	375.62	6.82	0.95	3.82	-3.65	3.22	0.01
31/01/2011	614.44	243.09	731.91	526.19	383.06	1.99	-2.42	0.82	-0.89	0.69	0.01
28/02/2011	619.71	245.36	741.28	535.24	388.38	3.49	1.64	1.1	-1.93	0.95	0.01
31/03/2011	619.08	244.6	742.41	536.76	391.46	0.45	2.67	-1.58	1.64	-0.03	0.01
30/04/2011	626.12	246.86	760.7	545.89	394.8	2.9	-0.51	-2.52	1.09	-0.84	0
31/05/2011	626.17	247.39	755.94	536.73	394.62	-1.27	-0.69	-2.08	2.02	-1.5	0
30/06/2011	621.76	247.53	747.53	528.75	392.08	-1.75	0.11	-0.32	2.38	-1.45	0
31/07/2011	620.13	248.9	766.42	526.58	394.47	-2.36	-1.34	-1.21	2.43	-1.76	0
31/08/2011	592.8	248.22	781.05	503.18	386.84	-5.99	-3.2	-2.48	3.2	-0.24	0.01
30/09/2011	573.38	247.76	780.51	476.91	377.67	-7.59	-3.78	-1.41	1.85	0.28	0
31/10/2011	584.77	248.11	781.92	498.15	385.41	11.35	3.57	-0.18	-1.87	-0.88	0
30/11/2011	577.75	249.34	781.7	490.78	381.98	-0.28	-0.26	-0.34	1.79	1.53	0
31/12/2011	577.45	250.29	785.06	486.44	382.51	0.74	-0.44	1.77	0.8	2.4	0
31/01/2012	591.33	253.22	794.64	505.45	391.97	5.05	2.16	-1.13	-1.81	-1.4	0
29/02/2012	602.49	255.76	800.89	518.81	398.73	4.42	-1.63	0.08	-0.19	-0.1	0
31/03/2012	611.41	257.65	797.48	521.41	400.51	3.11	-0.45	0.92	-0.33	0.82	0
30/04/2012	612.26	259.43	795.5	518.99	402.84	-0.85	-0.59	-0.48	1.12	0.67	0
31/05/2012	604.64	260.05	797.05	495.5	398.13	-6.19	-0.09	-0.59	2.28	2.39	0.01
30/06/2012	603.27	262.02	786.12	497.21	400.05	3.89	0.95	0.44	-1.24	0.34	0
31/07/2012	608.99	266.27	802.96	499.94	405.18	0.79	-2.68	-0.27	1.11	0.13	0
31/08/2012	614.35	268.99	805.99	507.51	410.69	2.55	0.44	1.31	-1.26	-0.73	0.01
30/09/2012	625.27	272.37	810.82	515.48	413.98	2.73	0.66	1.53	-1.38	1.59	0.01
31/10/2012	631.68	274.74	804.9	514.41	415.4	-1.76	-0.81	3.79	-1.39	2.28	0.01
30/11/2012	633.32	276.05	810.7	518.16	419.56	0.78	0.36	-0.97	0.68	0.91	0.01
31/12/2012	645.39	277.93	821	526.36	425.31	1.18	1.87	3.58	-1.98	0.86	0.01
31/01/2013	656.28	280.87	828.24	545.01	434.11	5.57	0.56	0.95	-1.64	1.47	0
28/02/2013	663.09	282.24	830.68	545.66	435.78	1.29	-0.38	0.03	-0.69	0.48	0
31/03/2013	677.57	283.95	838.74	553.2	438.49	4.03	0.83	-0.3	0.17	1.31	0
30/04/2013	686.64	284.91	853.56	560.16	443.26	1.55	-2.3	0.62	0.07	0.47	0
31/05/2013	702.95	284.94	853.12	566.83	444.9	2.8	2.06	2.6	-1.66	-0.78	0
30/06/2013	696.88	281.69	831.95	563.28	441.61	-1.2	1.35	-0.17	-0.44	-0.01	0
31/07/2013	706.01	282.77	834.14	574.28	446.74	5.65	1.8	0.56	-1.46	0.56	0
31/08/2013	702.61	283.36	826.43	567.88	447.1	-2.71	-0.01	-2.78	0.62	-2.16	0
30/09/2013	712.28	284.8	833.36	582.87	453.46	3.77	2.67	-1.19	-0.73	-1.32	0
31/10/2013	723.19	286.54	841.81	597.7	461.5	4.18	-1.53	1.14	2.7	0.87	0
30/11/2013	734.37	287.96	850.48	608.75	465.48	3.12	1.33	0.24	0.14	0.05	0
31/12/2013	748.63	288.48	856.49	619.71	473.09	2.81	-0.53	-0.31	-0.52	0.07	0
31/01/2014	751.63	291.36	847.46	619.23	476.9	-3.32	0.57	-2.09	-3.99	-1.4	0
28/02/2014	766.97	293.27	853.29	637.07	483.61	4.65	0.15	-0.4	-0.26	-0.41	0
31/03/2014	771.6	294.47	851.21	629.51	482.34	0.43	-1.17	5.09	2.16	1.9	0
30/04/2014	774.48	295.76	851.31	623.04	480.28	-0.19	-4.15	1.14	3.48	1.07	0
31/05/2014	785.72	297.1	860.02	632.42	484.57	2.06	-1.89	-0.27	0.1	-1.08	0
30/06/2014	796.8	298.28	864.56	638.79	486.75	2.61	3.1	-0.74	-1.97	-1.91	0
31/07/2014	795.28	299.16	864.47	632.62	487.4	-2.04	-4.25	0.01	0.94	0.47	0
31/08/2014	791.45	299.7	874.28	640.81	491.45	4.24	0.29	-0.59	-0.63	-0.7	0
30/09/2014	785.88	300.96	879.02	639.67	496.28	-1.97	-3.79	-1.23	1.13	-0.51	0
31/10/2014	770.44	300.67	870.97	639.71	493.85	2.52	3.78	-1.7	-0.47	-0.17	0
30/11/2014	771.52	301.29	885.36	651.78	499.86	2.55	-2.31	-3	1.4	0.18	0
31/12/2014	767.72	301.09	883.12	654.08	501.9	-0.06	2.88	2.06	-1.16	0.88	0
31/01/2015	759.68	298.66	906.87	655.94	507.86	-3.11	-0.87	-3.48	1.67	-1.67	0
28/02/2015	769	300.88	910.69	668.97	511.51	6.13	0.21	-1.81	-1.07	-1.75	0
31/03/2015	769.71	300.65	922.56	666.13	516.89	-1.12	3.04	-0.46	0.1	-0.51	0
30/04/2015	774.06	302.54	915.65	666.03	516.94	0.59	-3.03	1.85	-0.15	-0.49	0
31/05/2015	776.43	303.99	922.18	680.34	520.31	1.36	0.77	-1.37	-1.72	-0.74	0
30/06/2015	766.99	303.35	905.97	677.2	518.15	-1.53	2.86	-0.79	0.5	-1.47	0
31/07/2015	761.35	304.26	917.43	687.49	523.33	1.54	-4.55	-4.12	0.04	-2.56	0
31/08/2015	750.36	304.15	893.28	674.34	520.78	-6.04	0.4	2.66	0.76	1.25	0
30/09/2015	740.05	302.78	879.28	666.78	518.55	-3.08	-2.78	0.53	1.81	-0.51	0
31/10/2015	737.82	302.18	890.63	678.23	518.91	7.75	-2.16	-0.07	0.82	0.43	0
30/11/2015	732.25	302.41	903.19	677.4	520.09	0.56	3.35	-0.51	-2.57	-1.1	0
31/12/2015	727.06	302.86	884.69	677.33	521.17	-2.17	-2.99	-2.59	0.31	0.13	0.01
31/01/2016	717.18	300.57	879.69	658.51	518.66	-5.77	-3.42	2.08	2.6	3.02	0.01
29/02/2016	708.88	297.42	866.04	646.94	514.31	-0.07	0.95	-0.5	3.28	2.05	0.02
31/03/2016	712.9	299.17	864.94	651.28	518.13	6.96	1.09	1.16	0.81	-0.02	0.02
30/04/2016	724.47	303.41	867.1	646.7	520.21	0.92	1.17	3.26	-2.88	1.97	0.01
31/05/2016	730.29	303.76	865.14	655.63	525.09	1.78	-0.71	-1.81	-1.01	-2.55	0.01
30/06/2016	726.78	302.23	871.07	643.37	524.54	-0.05	0.49	-1.47	1.19	1.92	0.02
31/07/2016	734.54	305.48	873.61	651.73	530.14	3.95	2.64	-1.11	1.33	-1.24	0.02
31/08/2016	741.83	307.8	875.16	654.59	534.77	0.5	1.72	3.34	-1.33	-0.39	0.02
30/09/2016	746.79	310.11	876.13	655.45	537.92	0.25	1.74	-1.49	-2.29	-0.08	0.02
31/10/2016	755.21	311.41	889.4	649.37	538.48	-2.02	-4.01	4.16	1.19	0.24	0.02
30/11/2016	763.29	312.98	906.56	648.54	535.69	4.86	6.81	8.29	-0.1	3.7	0.01
31/12/2016	773.48	315.84	916.34	654.11	544.16	1.82	0.41	3.58	0.99	-0.3	0.03
31/01/2017	783.04	318.88	913.8	661.45	548.54	1.94	-1.28	-2.78	-0.01	-0.95	0.04
28/02/2017	790.31	321.18	916.83	670.45	553.63	3.57	-2.13	-1.79	0.78	-1.72	0.04
31/03/2017	790.7	323.16	918.57	676.73	559.17	0.17	0.78	-3.17	0.68	-1	0.03
30/04/2017	798.74	324.35	913.12	686.77	563.79	1.09	0.49	-1.87	2	-1.55	0.05
31/05/2017	803.18	327.21	908.65	698.78	572.25	1.06	-3.05	-3.78	1.21	-1.88	0.06
30/06/2017	803.64	328.39	902.27	697.44	571.99	0.78	2.48	1.35	-2.01	-0.07	0.06
31/07/2017	809.08	331.24	914.36	710.67	576.38	1.87	-1.59	-0.29	-0.71	-0.15	0.07
31/08/2017	810.54	333.05	917.61	716.56	580.65	0.16	-1.85	-2.24	0.28	-2.42	0.09
30/09/2017	816.15	329.1	918.74	718.31	579.87	2.51	4.84	3.03	-1.18	1.63	0.09
31/10/2017	820.48	331.81	926.04	733.03	583.42	2.25	-1.97	-0.05	1.04	-3.33	0.09
30/11/2017	817.35	333.41	926.78	735.7	584.12	3.12	-0.43	-0.04	3.12	0	0.08
31/12/2017	829.74	336.43	935.98	741.83	581.3	1.06	-1.04	0.14	0.65	1.65	0.09
31/01/2018	841.16	339.35	965.26	764.92	598.09	5.58	-3.15	-1.37	-0.5	-0.89	0.11
28/02/2018	836.3	340.69	946.05	750.19	585.22	-3.65	0.32	-1.19	0.52	-2.25	0.11
31/03/2018	832.7	342.33	941.31	749.31	590.93	-2.35	3.54	-0.12	-0.51	0	0.12
30/04/2018	833.14	343.56	942.41	751.31	589.13	0.29	0.97	0.54	-2.09	1.18	0.14
31/05/2018	831.74	340.83	956.94	754.15	591.27	2.65	4.72	-3.16	-1.95	-1.42	0.14
30/06/2018	836.97	341.4	953.28	746.7	591.76	0.48	0.86	-2.38	0.71	0.33	0.14
31/07/2018	844.56	342.84	955.08	757.37	589.75	3.19	-1.93	0.4	1.63	0.44	0.16
31/08/2018	844.79	343.86	948.13	757.74	593.9	3.44	0.65	-4.08	-0.28	-2.5	0.16
30/09/2018	843.55	344.59	951.45	758.17	597.53	0.06	-2.52	-1.3	0.59	1.24	0.15
31/10/2018	835.86	343.77	938.28	724.21	586.19	-7.68	-4.51	3.44	0.87	3.45	0.19
30/11/2018	833.09	341.77	932.11	725.46	578.39	1.69	-0.82	0.25	-0.6	0.32	0.18
31/12/2018	816.56	340.13	934.94	707.58	575.19	-9.55	-3.05	-1.47	-0.13	0.16	0.19
31/01/2019	826.48	343.83	944.84	732.59	580.78	8.41	3.09	-0.62	-0.69	-1.36	0.21
28/02/2019	834.77	346.42	944.92	743.19	585.41	3.4	1.78	-2.84	0.24	-1.47	0.18
31/03/2019	834.15	347.59	959.35	745.42	592.53	1.1	-3.54	-4.07	0.93	-1.02	0.19
30/04/2019	852.2	348.81	972.77	759.11	598.72	3.96	-1.13	1.93	1.75	-2.17	0.21
31/05/2019	838.76	349.47	964.34	741.19	598.49	-6.94	-1.47	-2.39	-0.35	1.78	0.21
30/06/2019	846.83	351.81	1003.03	754.71	605.01	6.93	0.37	-1.08	0.94	-0.38	0.18
31/07/2019	834.41	352.26	1012.69	760.2	606.68	1.19	-1.91	0.14	-0.08	0.36	0.19
31/08/2019	820.7	350.86	1015.99	756.41	610.99	-2.58	-3.3	-4.99	0.36	-0.96	0.16
30/09/2019	817.49	352.8	1024.32	755.47	609.12	1.44	0.32	6.71	1.97	3.55	0.18
31/10/2019	819.85	355.05	1018.46	765.76	612.88	2.06	0.21	-2.07	0.43	-0.96	0.15
30/11/2019	818.23	356.82	1016.63	775.76	613.39	3.87	0.49	-1.88	-1.54	-1.27	0.12
31/12/2019	827.91	360.87	1032.03	793.68	616.9	2.77	0.94	1.91	0.09	1.29	0.14
31/01/2020	832.87	363.13	1032.07	787.4	623.36	-0.11	-4.4	-6.27	-1.36	-2.34	0.13
29/02/2020	821.52	363.75	1011.03	761.44	613.64	-8.13	-0.03	-3.92	-1.61	-2.49	0.12
31/03/2020	738.61	340.07	948.49	705.04	576.94	-13.38	-8.38	-13.96	-1.38	1.21	0.12
30/04/2020	759.41	333.59	975.69	735.51	586.06	13.65	2.79	-1.39	2.51	-1.03	0
31/05/2020	765.6	340.27	996.89	765.52	598.31	5.58	1.93	-5.05	0.71	-3.28	0.01
30/06/2020	780.31	349.36	992.29	774.04	599.71	2.46	1.94	-2.35	0.03	0.34	0.01
31/07/2020	778.4	355.64	1035.26	786.45	617.73	5.77	-3.03	-1.39	0.55	1.06	0.01
31/08/2020	792.79	359.88	1054.84	807.41	623.44	7.63	-0.94	-2.94	4.27	-1.44	0.01
30/09/2020	787.32	362.02	1037.62	795.3	620.18	-3.63	0.07	-2.51	-1.15	-1.77	0.01
31/10/2020	785.79	364.83	1026.41	790.31	618.92	-2.1	4.76	4.03	-0.6	-0.53	0.01
30/11/2020	840.02	368.89	1052.34	821.96	625.25	12.47	6.75	2.11	-2.78	1.05	0.01
31/12/2020	859.53	373.99	1099.47	856.05	651.47	4.63	4.67	-1.36	-2.15	0	0.01
31/01/2021	861.82	378.99	1102.96	832.08	648.3	-0.04	6.87	2.85	-3.33	4.68	0