date	SP500	SPDIV	USRF	MXEF	CL1	UKX	BTCUSD
31/01/1962	69.07	2.02667	2.72				
28/02/1962	70.22	2.03333	2.73				
31/03/1962	70.29	2.04	2.72				
30/04/1962	68.05	2.04667	2.73				
31/05/1962	62.99	2.05333	2.69				
30/06/1962	55.63	2.06	2.73				
31/07/1962	56.97	2.06667	2.92				
31/08/1962	58.52	2.07333	2.82				
30/09/1962	58	2.08	2.78				
31/10/1962	56.17	2.09667	2.74				
30/11/1962	60.04	2.11333	2.83				
31/12/1962	62.64	2.13	2.87				
31/01/1963	65.06	2.13667	2.91				
28/02/1963	65.92	2.14333	2.92				
31/03/1963	65.67	2.15	2.89				
30/04/1963	68.76	2.16667	2.9				
31/05/1963	70.14	2.18333	2.93				
30/06/1963	70.11	2.2	2.99				
31/07/1963	69.07	2.20333	3.18				
31/08/1963	70.98	2.20667	3.32				
30/09/1963	72.85	2.21	3.38				
31/10/1963	73.03	2.23333	3.45				
30/11/1963	72.62	2.25667	3.52				
31/12/1963	74.17	2.28	3.52				
31/01/1964	76.45	2.29667	3.52				
29/02/1964	77.39	2.31333	3.53				
31/03/1964	78.8	2.33	3.54				
30/04/1964	79.94	2.34667	3.47				
31/05/1964	80.72	2.36333	3.48				
30/06/1964	80.24	2.38	3.48				
31/07/1964	83.22	2.4	3.46				
31/08/1964	82	2.42	3.5				
30/09/1964	83.41	2.44	3.53				
31/10/1964	84.85	2.46	3.57				
30/11/1964	85.44	2.48	3.64				
31/12/1964	83.96	2.5	3.84				
31/01/1965	86.12	2.51667	3.81				
28/02/1965	86.75	2.53333	3.93				
31/03/1965	86.83	2.55	3.93				
30/04/1965	87.97	2.57	3.93				
31/05/1965	89.28	2.59	3.89				
30/06/1965	85.04	2.61	3.8				
31/07/1965	84.91	2.62667	3.84				
31/08/1965	86.49	2.64333	3.84				
30/09/1965	89.38	2.66	3.92				
31/10/1965	91.39	2.68	4.03				
30/11/1965	92.15	2.7	4.09				
31/12/1965	91.73	2.72	4.38				
31/01/1966	93.32	2.74	4.59				
28/02/1966	92.69	2.76	4.65				
31/03/1966	88.88	2.78	4.59				
30/04/1966	91.6	2.79667	4.62				
31/05/1966	86.78	2.81333	4.64				
30/06/1966	86.06	2.83	4.5				
31/07/1966	85.84	2.85	4.8				
31/08/1966	80.65	2.87	4.96				
30/09/1966	77.81	2.89	5.37				
31/10/1966	77.13	2.88333	5.35				
30/11/1966	80.99	2.87667	5.32				
31/12/1966	81.33	2.87	4.96				
31/01/1967	84.45	2.88	4.72				
28/02/1967	87.36	2.89	4.56				
31/03/1967	89.42	2.9	4.26				
30/04/1967	90.96	2.9	3.84				
31/05/1967	92.59	2.9	3.6				
30/06/1967	91.43	2.9	3.54				
31/07/1967	93.01	2.90667	4.21				
31/08/1967	94.49	2.91333	4.27				
30/09/1967	95.81	2.92	4.42				
31/10/1967	95.66	2.92	4.56				
30/11/1967	92.66	2.92	4.73				
31/12/1967	95.3	2.92	4.97				
31/01/1968	95.04	2.93	5				
29/02/1968	90.75	2.94	4.98				
31/03/1968	89.09	2.95	5.17				
30/04/1968	95.67	2.96333	5.38				
31/05/1968	97.87	2.97667	5.66				
30/06/1968	100.5	2.99	5.52				
31/07/1968	100.3	3.00333	5.31				
31/08/1968	98.11	3.01667	5.09				
30/09/1968	101.3	3.03	5.19				
31/10/1968	103.8	3.04333	5.35				
30/11/1968	105.4	3.05667	5.45				
31/12/1968	106.5	3.07	5.96				
31/01/1969	102	3.08	6.14				
28/02/1969	101.5	3.09	6.12				
31/03/1969	99.3	3.1	6.02				
30/04/1969	101.3	3.11	6.11				
31/05/1969	104.6	3.12	6.04				
30/06/1969	99.14	3.13	6.44				
31/07/1969	94.71	3.13667	7				
31/08/1969	94.18	3.14333	6.98				
30/09/1969	94.51	3.15	7.09				
31/10/1969	95.52	3.15333	7				
30/11/1969	96.21	3.15667	7.24				
31/12/1969	91.11	3.16	7.82				
31/01/1970	90.31	3.16333	7.87				
28/02/1970	87.16	3.16667	7.13				
31/03/1970	88.65	3.17	6.63				
30/04/1970	85.95	3.17333	6.51				
31/05/1970	76.06	3.17667	6.84				
30/06/1970	75.59	3.18	6.68				
31/07/1970	75.72	3.18333	6.45				
31/08/1970	77.92	3.18667	6.41				
30/09/1970	82.58	3.19	6.12				
31/10/1970	84.37	3.17333	5.91				
30/11/1970	84.28	3.15667	5.28				
31/12/1970	90.05	3.14	4.87				
31/01/1971	93.49	3.13	4.44				
28/02/1971	97.11	3.12	3.7				
31/03/1971	99.6	3.11	3.38				
30/04/1971	103	3.10667	3.86				
31/05/1971	101.6	3.10333	4.14				
30/06/1971	99.72	3.1	4.75				
31/07/1971	99	3.09667	5.4				
31/08/1971	97.24	3.09333	4.94				
30/09/1971	99.4	3.09	4.69				
31/10/1971	97.29	3.08333	4.46				
30/11/1971	92.78	3.07667	4.22				
31/12/1971	99.17	3.07	4.01				
31/01/1972	103.3	3.07	3.38				
29/02/1972	105.2	3.07	3.2				
31/03/1972	107.7	3.07	3.73				
30/04/1972	108.8	3.07	3.71				
31/05/1972	107.7	3.07	3.69				
30/06/1972	108	3.07	3.91				
31/07/1972	107.2	3.07333	3.98				
31/08/1972	111	3.07667	4.02				
30/09/1972	109.4	3.08	4.66				
31/10/1972	109.6	3.10333	4.74				
30/11/1972	115.1	3.12667	4.78				
31/12/1972	117.5	3.15	5.07				
31/01/1973	118.4	3.15667	5.41				
28/02/1973	114.2	3.16333	5.6				
31/03/1973	112.4	3.17	6.09				
30/04/1973	110.3	3.18667	6.26				
31/05/1973	107.2	3.20333	6.36				
30/06/1973	104.8	3.22	7.19				
31/07/1973	105.8	3.23667	8.01				
31/08/1973	103.8	3.25333	8.67				
30/09/1973	105.6	3.27	8.29				
31/10/1973	109.8	3.30667	7.22				
30/11/1973	102	3.34333	7.83				
31/12/1973	94.78	3.38	7.45				
31/01/1974	96.11	3.4	7.77				
28/02/1974	93.45	3.42	7.12				
31/03/1974	97.44	3.44	7.96				
30/04/1974	92.46	3.46	8.33				
31/05/1974	89.67	3.48	8.23				
30/06/1974	89.79	3.5	7.9				
31/07/1974	79.31	3.53	7.55				
31/08/1974	76.03	3.56	8.96				
30/09/1974	68.12	3.59	8.06				
31/10/1974	69.44	3.59333	7.46				
30/11/1974	71.74	3.59667	7.47				
31/12/1974	67.07	3.6	7.15				
31/01/1975	72.56	3.62333	6.26				
28/02/1975	80.1	3.64667	5.5				
31/03/1975	83.78	3.67	5.49				
30/04/1975	84.72	3.68333	5.61				
31/05/1975	90.1	3.69667	5.23				
30/06/1975	92.4	3.71	5.34				
31/07/1975	92.49	3.71	6.13				
31/08/1975	85.71	3.71	6.44				
30/09/1975	84.67	3.71	6.42				
31/10/1975	88.57	3.7	5.96				
30/11/1975	90.07	3.69	5.48				
31/12/1975	88.7	3.68	5.44				
31/01/1976	96.86	3.68333	4.87				
29/02/1976	100.6	3.68667	4.88				
31/03/1976	101.1	3.69	5				
30/04/1976	101.9	3.71333	4.86				
31/05/1976	101.2	3.73667	5.2				
30/06/1976	101.8	3.76	5.41				
31/07/1976	104.2	3.79	5.23				
31/08/1976	103.3	3.82	5.14				
30/09/1976	105.5	3.85	5.08				
31/10/1976	101.9	3.91667	4.92				
30/11/1976	101.2	3.98333	4.75				
31/12/1976	104.7	4.05	4.35				
31/01/1977	103.8	4.09667	4.62				
28/02/1977	101	4.14333	4.67				
31/03/1977	100.6	4.19	4.6				
30/04/1977	99.05	4.24667	4.54				
31/05/1977	98.76	4.30333	4.96				
30/06/1977	99.29	4.36	5.02				
31/07/1977	100.2	4.40667	5.19				
31/08/1977	97.75	4.45333	5.49				
30/09/1977	96.23	4.5	5.81				
31/10/1977	93.74	4.55667	6.16				
30/11/1977	94.28	4.61333	6.1				
31/12/1977	93.82	4.67	6.07				
31/01/1978	90.25	4.71333	6.44				
28/02/1978	88.98	4.75667	6.45				
31/03/1978	88.82	4.8	6.29				
30/04/1978	92.71	4.83667	6.29				
31/05/1978	97.41	4.87333	6.41				
30/06/1978	97.66	4.91	6.73				
31/07/1978	97.19	4.94667	7.01				
31/08/1978	103.9	4.98333	7.08				
30/09/1978	103.9	5.02	7.85				
31/10/1978	100.6	5.03667	7.99				
30/11/1978	94.71	5.05333	8.64				
31/12/1978	96.11	5.07	9.08				
31/01/1979	99.71	5.11333	9.35				
28/02/1979	98.23	5.15667	9.32				
31/03/1979	100.1	5.2	9.48				
30/04/1979	102.1	5.24667	9.46				
31/05/1979	99.73	5.29333	9.61				
30/06/1979	101.7	5.34	9.06				
31/07/1979	102.7	5.39667	9.24				
31/08/1979	107.4	5.45333	9.52				
30/09/1979	108.6	5.51	10.26				
31/10/1979	104.5	5.55667	11.7				
30/11/1979	103.7	5.60333	11.79				
31/12/1979	107.8	5.65	12.04				
31/01/1980	110.9	5.7	12				
29/02/1980	115.3	5.75	12.86				
31/03/1980	104.7	5.8	15.2				
30/04/1980	103	5.84667	13.2				
31/05/1980	107.7	5.89333	8.58				
30/06/1980	114.6	5.94	7.07				
31/07/1980	119.8	5.98333	8.06				
31/08/1980	123.5	6.02667	9.13				
30/09/1980	126.5	6.07	10.27				
31/10/1980	130.2	6.1	11.62				
30/11/1980	135.7	6.13	13.73				
31/12/1980	133.5	6.16	15.49				
31/01/1981	133	6.2	15.02				
28/02/1981	128.4	6.24	14.79				
31/03/1981	133.2	6.28	13.36				
30/04/1981	134.4	6.31667	13.69				
31/05/1981	131.7	6.35333	16.3				
30/06/1981	132.3	6.39	14.73				
31/07/1981	129.1	6.43333	14.95				
31/08/1981	129.6	6.47667	15.51				
30/09/1981	118.3	6.52	14.7				
31/10/1981	119.8	6.55667	13.54				
30/11/1981	122.9	6.59333	10.86				
31/12/1981	123.8	6.63	10.85				
31/01/1982	117.3	6.66	12.28				
28/02/1982	114.5	6.69	13.48				
31/03/1982	110.8	6.72	12.68				
30/04/1982	116.3	6.75	12.7				
31/05/1982	116.4	6.78	12.09				
30/06/1982	109.7	6.81	12.47				
31/07/1982	109.4	6.82333	11.35				
31/08/1982	109.7	6.83667	8.68				
30/09/1982	122.4	6.85	7.92				
31/10/1982	132.7	6.85667	7.71				
30/11/1982	138.1	6.86333	8.07				
31/12/1982	139.4	6.87	7.94				
31/01/1983	144.3	6.88333	7.86				
28/02/1983	146.8	6.89667	8.11				
31/03/1983	151.9	6.91	8.35		29.29		
30/04/1983	157.7	6.92	8.21		30.63		
31/05/1983	164.1	6.93	8.19		30.25		
30/06/1983	166.4	6.94	8.79		31.38		
31/07/1983	167	6.96	9.08		32		
31/08/1983	162.4	6.98	9.34		31.59		
30/09/1983	167.2	7	9		30.36		
31/10/1983	167.7	7.03	8.64		30.37		
30/11/1983	165.2	7.06	8.76		29.23		
31/12/1983	164.4	7.09	9		29.6	1451.5	
31/01/1984	166.4	7.12	8.9		29.98	1489.4756	
29/02/1984	157.3	7.15	9.09		30.55	1550.56715	
31/03/1984	157.4	7.18	9.52		30.85	1599.21875	
30/04/1984	157.6	7.22333	9.69		30.26	1591.3434	
31/05/1984	156.6	7.26667	9.83		30.83	1414.5955	
30/06/1984	153.1	7.31	9.87		29.75	1413.7005	
31/07/1984	151.1	7.33333	10.12		27.6	1320.50373	
31/08/1984	164.4	7.35667	10.47		29.23	1443.34925	
30/09/1984	166.1	7.38	10.37		29.66	1407.1302	
31/10/1984	164.8	7.43	9.74		28.46	1402.4935	
30/11/1984	166.3	7.48	8.61		27.31	1414.0161	
31/12/1984	164.5	7.53	8.06		26.41	1426.8876	
31/01/1985	171.6	7.57333	7.76		26.41	1447.9444	
28/02/1985	180.9	7.61667	8.27		26.73	1359.2163	
31/03/1985	179.4	7.66	8.52		28.29	1578.372	
30/04/1985	180.6	7.68667	7.95		27.63	1602.131	
31/05/1985	184.9	7.71333	7.48		27.84	1688.518	
30/06/1985	188.9	7.74	6.95		26.87	1617.10155	
31/07/1985	192.5	7.77333	7.08		27.12	1780.2587	
31/08/1985	188.3	7.80667	7.14		28.08	1865.4701	
30/09/1985	184.1	7.84	7.1		29.08	1816.965	
31/10/1985	186.2	7.86	7.16		30.38	1983.8566	
30/11/1985	197.5	7.88	7.24		29.75	2142.8199	
31/12/1985	207.3	7.9	7.1		26.3	2041.207	
31/01/1986	208.2	7.94	7.07		18.83	2026.22	
28/02/1986	219.4	7.98	7.06		13.26	2232.4794	
31/03/1986	232.3	8.02	6.56		10.42	2458.9768	
30/04/1986	238	8.04667	6.06		13.34	2575.4355	
31/05/1986	238.5	8.07333	6.15		14.3	2359.80244	
30/06/1986	245.3	8.1	6.21		12.78	2527.4936	
31/07/1986	240.2	8.14333	5.83		11.15	2323.90615	
31/08/1986	245	8.18667	5.53		15.9	2471.8656	
30/09/1986	238.3	8.23	5.21		14.77	2250.93144	
31/10/1986	237.4	8.24667	5.18		15.27	2293.91655	
30/11/1986	245.1	8.26333	5.35		15	2346.20945	
31/12/1986	248.6	8.28	5.53		17.94	2489.1175	
31/01/1987	264.5	8.3	5.43		18.75	2737.7662	
28/02/1987	280.9	8.32	5.59		16.6	3059.8432	
31/03/1987	292.5	8.34	5.59		18.83	3209.9825	
30/04/1987	289.3	8.4	5.64		18.73	3404.85525	
31/05/1987	289.1	8.46	5.66		19.38	3589.7885	
30/06/1987	301.4	8.52	5.67		20.29	3683.79648	
31/07/1987	310.1	8.56667	5.69		21.37	3756.1919	
31/08/1987	329.4	8.61333	6.04		19.73	3673.31016	
30/09/1987	318.7	8.66	6.4		19.59	3844.2768	
31/10/1987	280.2	8.71	6.13		19.96	3012.2807	
30/11/1987	245	8.76	5.69		18.51	2884.26544	
31/12/1987	241	8.81	5.77	100	16.7	3230.1522	
31/01/1988	250.5	8.85667	5.81	109.42	16.94	3168.10428	
29/02/1988	258.1	8.90333	5.66	109.68	16.01	3136.9668	
31/03/1988	265.7	8.95	5.7	120.64	17.08	3287.22625	
30/04/1988	262.6	9.04333	5.91	126.27	17.99	3385.4327	
31/05/1988	256.1	9.13667	6.26	129.62	17.51	3280.08408	
30/06/1988	270.7	9.23	6.46	133.71	15.16	3173.7096	
31/07/1988	269.1	9.30667	6.73	129.92	16.31	3169.656	
31/08/1988	263.7	9.38333	7.06	125.92	15.18	2950.432	
30/09/1988	268	9.46	7.24	133.74	13.37	3088.6115	
31/10/1988	277.4	9.55	7.35	132.54	13.58	3276.8956	
30/11/1988	271	9.64	7.76	131.76	15.32	3314.68532	
31/12/1988	276.5	9.75	8.07	134.87	17.24	3247.3041	
31/01/1989	285.4	9.81333	8.27	132.66	17.03	3595.2792	
28/02/1989	294	9.89667	8.53	142.52	18.15	3490.98416	
31/03/1989	292.7	10.01	8.82	155.99	20.19	3497.4125	
30/04/1989	302.3	10.0867	8.65	184.24	20.42	3579.927	
31/05/1989	313.9	10.1933	8.43	186.08	19.9	3319.608	
30/06/1989	323.7	10.37	8.15	163.28	20.27	3334.05	
31/07/1989	331.9	10.4233	7.88	173.49	18.31	3826.802	
31/08/1989	346.6	10.5467	7.9	177	18.83	3744.2272	
30/09/1989	347.3	10.73	7.75	198.98	20.13	3726.01565	
31/10/1989	347.4	10.7967	7.64	201.31	19.94	3387.4506	
30/11/1989	340.2	10.9233	7.69	191.64	19.89	3575.7144	
31/12/1989	348.6	11.06	7.63	214.7	21.82	3906.60375	
31/01/1990	339.97	11.14	7.64	221.27	22.68	3921.9894	
28/02/1990	330.45	11.23	7.74	229.76	21.54	3783.4335	
31/03/1990	338.46	11.32	7.9	197.85	20.28	3704.5392	
30/04/1990	338.18	11.4367	7.77	210.66	18.54	3453.7828	
31/05/1990	350.25	11.5533	7.74	227.6	17.4	3935.2456	
30/06/1990	360.39	11.66	7.73	235.14	17.07	4153.3503	
31/07/1990	360.03	11.7267	7.62	255.21	20.69	4334.8737	
31/08/1990	330.75	11.7833	7.45	221.94	27.32	4098.506	
30/09/1990	315.41	11.83	7.36	193.09	39.51	3739.37564	
31/10/1990	307.12	11.9267	7.17	189.25	35.23	3984.75805	
30/11/1990	315.29	12.0133	7.06	178.96	28.85	4177.16455	
31/12/1990	328.75	12.09	6.74	185.16	28.44	4136.762	
31/01/1991	325.49	12.1067	6.22	200.19	21.54	4268.5867	
28/02/1991	362.26	12.1133	5.94	229.63	19.16	4554.4704	
31/03/1991	372.28	12.11	5.91	238.23	19.63	4276.9406	
30/04/1991	379.68	12.13	5.65	238.95	20.96	4291.3538	
31/05/1991	377.99	12.14	5.46	256.97	21.13	4244.151	
30/06/1991	378.29	12.15	5.57	247.27	20.56	3916.6434	
31/07/1991	380.23	12.1933	5.58	259.51	21.68	4367.1369	
31/08/1991	389.4	12.2367	5.33	264.27	22.26	4448.74455	
30/09/1991	387.2	12.28	5.22	253.84	22.23	4590.5967	
31/10/1991	386.88	12.2533	4.99	263.96	23.37	4462.7872	
30/11/1991	385.92	12.2267	4.56	259.77	21.48	4278.67158	
31/12/1991	388.51	12.2	4.07	288.8	19.12	4663.84217	
31/01/1992	416.08	12.24	3.8	322.13	18.9	4596.02	
29/02/1992	412.56	12.28	3.84	335.97	18.68	4503.40317	
31/03/1992	407.36	12.32	4.04	346.58	19.44	4236.74563	
30/04/1992	407.41	12.32	3.75	342.45	20.85	4716.07029	
31/05/1992	414.81	12.32	3.63	340.42	22.11	4954.09572	
30/06/1992	408.27	12.32	3.66	305.52	21.6	4802.886	
31/07/1992	415.05	12.3433	3.21	308.38	21.87	4625.229	
31/08/1992	417.93	12.3667	3.13	293.44	21.48	4583.11068	
30/09/1992	418.48	12.4	2.91	294.07	21.71	4537.4469	
31/10/1992	412.5	12.3867	2.86	309.63	20.62	4142.96055	
30/11/1992	422.84	12.3833	3.13	306.06	19.89	4215.71748	
31/12/1992	435.64	12.39	3.22	314.93	19.5	4299.63825	
31/01/1993	435.23	12.4133	3	316.19	20.26	4171.77992	
28/02/1993	441.7	12.4467	2.93	321.23	20.6	4088.334	
31/03/1993	450.16	12.48	2.95	331.3	20.44	4359.79115	
30/04/1993	443.08	12.4933	2.87	337.12	20.53	4427.8194	
31/05/1993	445.25	12.5067	2.96	345.39	20.02	4436.32119	
30/06/1993	448.06	12.52	3.07	354.82	18.85	4324.48	
31/07/1993	447.29	12.52	3.04	363.23	17.88	4338.53625	
31/08/1993	454.13	12.52	3.02	393.46	18.29	4626.75	
30/09/1993	459.24	12.52	2.95	407.47	18.79	4544.1	
31/10/1993	463.9	12.54	3.02	443.78	16.92	4693.08	
30/11/1993	462.89	12.56	3.1	463.17	15.43	4705.38002	
31/12/1993	465.95	12.58	3.06	539.34	14.17	5050.686	
31/01/1994	472.99	12.6233	2.98	548.88	15.19	5261.79342	
28/02/1994	471.58	12.6667	3.25	538.78	14.48	4943.89255	
31/03/1994	463.81	12.71	3.5	489.21	14.79	4580.2176	
30/04/1994	447.23	12.7533	3.68	478.36	16.9	4745.76805	
31/05/1994	450.9	12.7967	4.14	493.66	18.31	4489.31665	
30/06/1994	454.83	12.84	4.14	479.18	19.37	4508.12056	
31/07/1994	451.4	12.87	4.33	508.73	20.3	4759.5344	
31/08/1994	464.24	12.9	4.48	571.3	17.56	4987.4942	
30/09/1994	466.96	12.92	4.62	577.29	18.39	4773.98825	
31/10/1994	463.81	13.0133	4.95	566.11	18.19	5050.3107	
30/11/1994	461.01	13.0967	5.29	536	18.05	4830.0945	
31/12/1994	455.19	13.17	5.6	492.58	17.76	4796.8944	
31/01/1995	465.25	13.18	5.71	439.84	18.39	4732.7112	
28/02/1995	481.92	13.18	5.77	428.11	18.49	4766.12934	
31/03/1995	493.15	13.17	5.73	429.8	19.17	5088.10485	
30/04/1995	507.91	13.2433	5.65	448.29	20.38	5186.92875	
31/05/1995	523.81	13.3067	5.67	470.95	18.89	5272.8669	
30/06/1995	539.35	13.36	5.47	471.38	17.4	5288.4443	
31/07/1995	557.37	13.44	5.42	481.28	17.56	5533.31441	
31/08/1995	559.11	13.51	5.4	469.28	17.84	5389.54666	
30/09/1995	578.77	13.58	5.28	466.41	17.54	5559.79536	
31/10/1995	582.92	13.65	5.28	448.11	17.64	5583.0362	
30/11/1995	595.53	13.72	5.36	439.69	18.18	5609.31044	
31/12/1995	614.57	13.79	5.14	458.37	19.55	5716.93928	
31/01/1996	614.42	13.8933	5	490.52	17.74	5696.46729	
29/02/1996	649.54	13.9967	4.83	481.92	19.54	5708.8194	
31/03/1996	647.07	14.1	4.96	484.8	21.47	5647.96202	
30/04/1996	647.17	14.1567	4.95	502.46	21.2	5743.26697	
31/05/1996	661.23	14.2133	5.02	498.99	19.76	5810.58912	
30/06/1996	668.5	14.27	5.09	501.04	20.92	5765.0385	
31/07/1996	644.07	14.4	5.15	465.87	20.42	5763.29016	
31/08/1996	662.68	14.53	5.05	477.13	22.25	6040.41768	
30/09/1996	674.88	14.66	5.09	480.62	24.38	6184.37754	
31/10/1996	701.46	14.74	4.99	467.43	23.35	6477.9748	
30/11/1996	735.67	14.82	5.03	474.71	23.75	6826.7734	
31/12/1996	743.25	14.9	4.91	476.31	25.92	7064.46305	
31/01/1997	766.22	14.9533	5.03	508.42	24.15	6839.1421	
28/02/1997	798.39	15.0067	5.01	529.86	20.3	7015.20489	
31/03/1997	792.16	15.06	5.14	514.61	20.41	7036.49635	
30/04/1997	763.93	15.0933	5.16	513.7	20.21	7201.846	
31/05/1997	833.09	15.1267	5.05	527.01	20.88	7574.77283	
30/06/1997	876.29	15.16	4.93	554.12	19.8	7670.34268	
31/07/1997	925.29	15.2167	5.05	561.32	20.14	8045.3555	
31/08/1997	927.24	15.2733	5.14	489.24	19.61	7804.35	
30/09/1997	937.02	15.33	4.95	502.05	21.18	8465.71206	
31/10/1997	951.16	15.3867	4.97	419.26	21.08	8121.98979	
30/11/1997	938.92	15.4433	5.14	403.67	19.15	8157.04476	
31/12/1997	962.37	15.5	5.16	412.46	17.64	8463.304	
31/01/1998	963.36	15.55	5.04	379.8	17.21	8921.3724	
28/02/1998	1023.74	15.6	5.09	419.23	15.44	9490.09215	
31/03/1998	1076.83	15.64	5.03	436.02	15.61	9930.5028	
30/04/1998	1112.2	15.75	4.95	430.41	15.39	9903.81798	
31/05/1998	1108.42	15.85	5	370.1	15.2	9593.31087	
30/06/1998	1108.39	15.95	4.98	330.52	14.18	9742.02475	
31/07/1998	1156.58	16.0167	4.96	339.83	14.21	9530.0699	
31/08/1998	1074.62	16.0833	4.9	240.31	13.34	8799.04428	
30/09/1998	1020.64	16.14	4.61	254.87	16.14	8594.2868	
31/10/1998	1032.47	16.1667	3.96	281.4	14.42	9103.33776	
30/11/1998	1144.43	16.1833	4.41	304.53	11.22	9465.9472	
31/12/1998	1190.05	16.2	4.39	298.97	12.05	9773.9399	
31/01/1999	1248.77	16.28333333	4.34	293.91	12.75	9696.5616	
28/02/1999	1246.58	16.36666667	4.44	296.56	12.27	9903.62538	
31/03/1999	1281.66	16.45	4.44	334.75	16.76	10163.76185	
30/04/1999	1334.76	16.45	4.29	375.66	18.66	10533.97194	
31/05/1999	1332.07	16.45	4.5	372.33	16.84	9969.39144	
30/06/1999	1322.55	16.45	4.57	413.81	19.29	9957.32415	
31/07/1999	1380.99	16.51333333	4.55	401.94	20.53	10106.89542	
31/08/1999	1327.49	16.57666667	4.72	405.3	22.11	10053.5808	
30/09/1999	1318.17	16.64	4.68	391.07	24.51	9928.0657	
31/10/1999	1300.01	16.65666667	4.86	399.05	21.75	10279.99181	
30/11/1999	1391	16.67333333	5.07	434.7	24.59	10531.77008	
31/12/1999	1428.68	16.69	5.2	489.42	25.6	11186.72884	
31/01/2000	1425.59	16.71333333	5.32	491.39	27.64	10117.98585	
29/02/2000	1388.87	16.73666667	5.55	497.74	30.43	9848.75452	
31/03/2000	1442.21	16.76	5.69	499.4	26.9	10412.65242	
30/04/2000	1461.36	16.74	5.66	451.36	25.74	9846.06714	
31/05/2000	1418.48	16.72	5.79	431.7	29.01	9529.41105	
30/06/2000	1461.96	16.7	5.69	445.52	32.5	9569.42193	
31/07/2000	1473	16.58333333	5.96	422.08	27.43	9539.03858	
31/08/2000	1485.46	16.46666667	6.09	423.56	33.12	9655.3969	
30/09/2000	1468.05	16.35	6	386.03	30.84	9303.45702	
31/10/2000	1390.14	16.32333333	6.11	357.85	32.7	9331.81696	
30/11/2000	1378.04	16.29666667	6.17	326.36	33.82	8738.50794	
31/12/2000	1330.93	16.27	5.77	333.79	26.8	9294.54825	
31/01/2001	1335.63	16.17	5.15	379.02	28.66	9194.97975	
28/02/2001	1305.75	16.07	4.88	349.02	27.39	8551.95729	
31/03/2001	1185.85	15.97	4.42	313.14	26.29	7993.65693	
30/04/2001	1189.84	15.87666667	3.87	327.71	28.46	8527.89348	
31/05/2001	1270.37	15.78333333	3.62	330.54	28.37	8220.60863	
30/06/2001	1238.71	15.69	3.49	322.89	26.25	7965.51725	
31/07/2001	1204.45	15.70666667	3.51	301.67	26.35	7877.86168	
31/08/2001	1178.5	15.72333333	3.36	298.17	27.2	7772.699	
30/09/2001	1044.64	15.74	2.64	251.4	23.43	7210.94004	
31/10/2001	1076.59	15.74	2.16	266.86	21.18	7342.8429	
30/11/2001	1129.68	15.74	1.87	294.43	19.44	7415.13	
31/12/2001	1144.93	15.74	1.69	317.4	19.84	7587.14308	
31/01/2002	1140.21	15.73666667	1.65	327.75	19.48	7293.73056	
28/02/2002	1100.67	15.73333333	1.73	332.77	21.74	7217.4049	
31/03/2002	1153.79	15.73	1.79	351.43	26.31	7514.42372	
30/04/2002	1111.93	15.83333333	1.72	352.84	27.29	7530.41168	
31/05/2002	1079.25	15.93666667	1.73	346.28	25.31	7425.26302	
30/06/2002	1014.02	16.04	1.7	319.75	26.86	7114.51356	
31/07/2002	903.59	15.96	1.68	294.62	27.02	6641.90604	
31/08/2002	912.55	15.88	1.62	298.89	28.98	6542.16948	
30/09/2002	867.81	15.8	1.63	266.11	30.45	5842.48164	
31/10/2002	854.63	15.89	1.58	283.16	27.22	6320.51462	
30/11/2002	909.93	15.98	1.23	302.36	26.89	6487.16946	
31/12/2002	899.18	16.07	1.19	292.09	31.2	6346.0142	
31/01/2003	895.84	16.12	1.17	290.44	33.51	5867.65952	
28/02/2003	837.03	16.17	1.17	281.29	36.6	5758.30112	
31/03/2003	846.63	16.22	1.13	272.27	31.04	5705.76203	
30/04/2003	890.03	16.20333333	1.13	295.17	25.8	6283.9556	
31/05/2003	935.96	16.18666667	1.07	315.44	29.56	6631.59742	
30/06/2003	988	16.17	0.92	332.68	30.19	6662.76736	
31/07/2003	992.54	16.31	0.9	352.62	30.54	6681.1304	
31/08/2003	989.53	16.45	0.95	375.52	31.57	6556.22916	
30/09/2003	1019.44	16.59	0.94	377.63	29.2	6800.14973	
31/10/2003	1038.73	16.85666667	0.92	409.11	29.11	7269.19704	
30/11/2003	1049.9	17.12333333	0.93	413.33	30.41	7476.22016	
31/12/2003	1080.64	17.39	0.9	442.78	32.52	7984.10346	
31/01/2004	1132.52	17.6	0.88	457.19	33.05	8003.36796	
29/02/2004	1143.36	17.81	0.93	477.73	36.16	8381.54676	
31/03/2004	1123.98	18.02	0.94	482.06	35.76	8071.44228	
30/04/2004	1133.36	18.21333333	0.94	441.3	37.38	7971.01338	
31/05/2004	1102.78	18.40666667	1.02	431.26	39.88	8121.91617	
30/06/2004	1132.76	18.6	1.27	432.2	37.05	8099.66304	
31/07/2004	1105.85	18.78666667	1.33	423.14	43.8	8013.74829	
31/08/2004	1088.94	18.97333333	1.48	439.75	42.12	8045.46906	
30/09/2004	1117.66	19.16	1.65	464.15	49.64	8281.37544	
31/10/2004	1117.21	19.25333333	1.76	474.27	51.76	8485.407	
30/11/2004	1168.94	19.34666667	2.07	517.95	49.13	8981.70104	
31/12/2004	1199.21	19.44	2.19	542.17	43.45	9223.23594	
31/01/2005	1181.41	19.70333333	2.33	542.28	48.2	9135.42521	
28/02/2005	1199.63	19.96666667	2.54	588.68	51.75	9555.4192	
31/03/2005	1194.9	20.23	2.74	548.69	55.4	9242.58496	
30/04/2005	1164.43	20.46333333	2.78	531.99	49.72	9172.20734	
31/05/2005	1178.28	20.69666667	2.84	548.15	51.97	9046.89	
30/06/2005	1202.25	20.93	2.97	565.17	56.5	9161.83176	
31/07/2005	1222.24	21.11	3.22	602.56	60.57	9289.98101	
31/08/2005	1224.27	21.29	3.44	606.23	68.94	9552.95915	
30/09/2005	1225.92	21.47	3.42	661.32	66.24	9670.33158	
31/10/2005	1191.96	21.72	3.71	617.41	59.76	9405.24024	
30/11/2005	1237.37	21.97	3.88	667.99	57.32	9396.23632	
31/12/2005	1262.07	22.22	3.89	706.48	61.04	9657.03156	
31/01/2006	1278.73	22.40666667	4.24	783.77	67.92	10273.49505	
28/02/2006	1276.65	22.59333333	4.43	782.11	61.41	10155.39525	
31/03/2006	1293.74	22.78	4.51	787.8	66.63	10373.03586	
30/04/2006	1302.17	23	4.6	841.58	71.88	10968.0651	
31/05/2006	1290.01	23.22	4.72	751	71.29	10718.96026	
30/06/2006	1253.17	23.44	4.79	747.54	73.93	10773.70646	
31/07/2006	1260.24	23.66	4.95	755.84	74.4	11075.25006	
31/08/2006	1287.15	23.88	4.96	773.12	70.26	11234.58342	
30/09/2006	1317.74	24.1	4.81	778.16	62.91	11157.42544	
31/10/2006	1363.38	24.36	4.92	814.44	58.73	11695.73944	
30/11/2006	1388.64	24.62	4.94	874.08	63.13	11902.22376	
31/12/2006	1416.42	24.88	4.85	912.65	61.05	12173.48352	
31/01/2007	1424.16	25.08333333	4.98	901.48	58.14	12172.34313	
28/02/2007	1444.8	25.28666667	5.03	895.54	61.79	12106.0144	
31/03/2007	1406.95	25.49	4.94	929.03	65.87	12418.5596	
30/04/2007	1463.64	25.71666667	4.87	969.93	65.71	12906.13904	
31/05/2007	1511.14	25.94333333	4.73	1014.79	64.01	13105.73702	
30/06/2007	1514.19	26.17	4.61	1059.69	70.68	13262.71609	
31/07/2007	1520.71	26.44	4.82	1112.77	78.21	12949.79961	
31/08/2007	1454.62	26.71	4.2	1086.98	74.04	12711.23478	
30/09/2007	1497.12	26.98	3.89	1204.9	81.66	13195.5054	
31/10/2007	1539.66	27.23	3.9	1337.45	94.53	13974.2064	
30/11/2007	1463.39	27.48	3.27	1242.06	88.71	13239.3715	
31/12/2007	1479.22	27.73	3	1245.59	95.98	12802.09563	
31/01/2008	1378.76	27.92	2.75	1088.72	91.75	11693.74624	
29/02/2008	1354.87	28.11	2.12	1167.66	101.84	11682.10079	
31/03/2008	1316.94	28.3	1.26	1104.58	101.58	11327.79186	
30/04/2008	1370.47	28.43666667	1.29	1191.53	113.46	12072.94209	
31/05/2008	1403.22	28.57333333	1.73	1210.04	127.35	11972.6123	
30/06/2008	1341.25	28.71	1.86	1087.12	140	11200.04172	
31/07/2008	1257.33	28.75666667	1.63	1041.86	124.08	10724.22104	
31/08/2008	1281.47	28.80333333	1.72	956.25	115.46	10243.39318	
30/09/2008	1216.95	28.85	1.13	786.92	100.64	8726.85124	
31/10/2008	968.8	28.69666667	0.67	570.52	67.81	7069.4041	
30/11/2008	883.04	28.54333333	0.19	526.97	54.43	6594.95938	
31/12/2008	877.56	28.39	0.03	567.04	44.6	6462.80278	
31/01/2009	865.58	28.01333333	0.13	529.53	41.68	6001.20937	
28/02/2009	805.23	27.63666667	0.3	499.3	44.76	5495.03012	
31/03/2009	757.13	27.26	0.21	569.97	49.66	5613.98759	
30/04/2009	848.15	26.70333333	0.16	662.73	51.12	6269.65715	
31/05/2009	902.41	26.14666667	0.18	773.12	66.31	7136.74028	
30/06/2009	926.12	25.59	0.18	761.3	69.89	6995.89934	
31/07/2009	935.82	25.02666667	0.18	844.02	69.45	7694.11786	
31/08/2009	1009.73	24.46333333	0.17	839.46	69.96	7998.56166	
30/09/2009	1044.55	23.9	0.12	914.05	70.61	8222.96763	
31/10/2009	1067.66	23.40333333	0.07	914.26	77	8293.2402	
30/11/2009	1088.07	22.90666667	0.05	953.13	77.28	8511.158	
31/12/2009	1110.38	22.41	0.05	989.47	79.36	8740.71862	
31/01/2010	1123.58	22.24	0.06	933.59	72.89	8307.85822	
28/02/2010	1089.16	22.07	0.11	935.93	79.66	8158.14667	
31/03/2010	1152.05	21.9	0.15	1010.33	83.76	8627.94112	
30/04/2010	1197.32	21.94666667	0.16	1020.03	86.15	8486.53778	
31/05/2010	1125.06	21.99333333	0.16	926.4	73.97	7518.55391	
30/06/2010	1083.36	22.04	0.12	917.99	75.63	7357.11258	
31/07/2010	1079.8	22.14333333	0.16	991.41	78.95	8252.46239	
31/08/2010	1087.28	22.24666667	0.16	970.05	71.92	8014.96496	0.06
30/09/2010	1122.08	22.35	0.15	1075.53	79.97	8726.86954	0.06
31/10/2010	1171.58	22.47666667	0.13	1105.75	81.43	9089.90377	0.19
30/11/2010	1198.89	22.60333333	0.14	1075.85	84.11	8614.15031	0.21
31/12/2010	1241.53	22.73	0.14	1151.38	91.38	9198.59645	0.3
31/01/2011	1282.62	22.96333333	0.15	1119.08	92.19	9400.0517	0.52
28/02/2011	1321.12	23.19666667	0.13	1107.77	96.97	9740.26625	0.86
31/03/2011	1304.49	23.43	0.1	1170.87	106.72	9491.83206	0.78
30/04/2011	1331.51	23.73333333	0.06	1204.03	113.93	10099.09962	2.88
31/05/2011	1338.31	24.03666667	0.04	1167.97	102.7	9843.94957	8.74
30/06/2011	1287.29	24.34	0.04	1146.22	95.42	9552.97226	16.1
31/07/2011	1325.19	24.62	0.04	1137.73	95.7	9556.10173	13.5
31/08/2011	1185.31	24.9	0.02	1033.15	88.81	8779.59757	8.2
30/09/2011	1173.88	25.18	0.01	880.43	79.2	8025.0455	5.14
31/10/2011	1207.22	25.59666667	0.02	995	93.19	8942.27244	3.25
30/11/2011	1226.42	26.01333333	0.01	928.32	100.36	8650.1159	2.97
31/12/2011	1243.32	26.43	0.01	916.39	98.83	8642.04905	4.25
31/01/2012	1300.58	26.73666667	0.03	1019.39	98.48	8947.96759	5.48
29/02/2012	1352.49	27.04333333	0.09	1079.44	107.07	9357.42549	4.86
31/03/2012	1389.24	27.35	0.08	1041.45	103.02	9224.32839	4.86
30/04/2012	1386.43	27.67333333	0.08	1026.02	104.87	9314.71205	4.95
31/05/2012	1341.27	27.99666667	0.09	906.3	86.53	8202.63778	5.18
30/06/2012	1323.48	28.32	0.09	937.35	84.96	8736.67743	6.65
31/07/2012	1359.78	28.74333333	0.1	952.49	88.06	8829.92023	9.35
31/08/2012	1403.45	29.16666667	0.1	947.33	96.47	9060.69187	10.16
30/09/2012	1443.42	29.59	0.11	1002.66	92.19	9275.16567	12.39
31/10/2012	1437.82	30.14333333	0.1	995.33	86.24	9329.80818	11.2
30/11/2012	1394.51	30.69666667	0.09	1007.02	88.91	9405.68582	12.57
31/12/2012	1422.29	31.25	0.07	1055.2	91.82	9579.223	13.51
31/01/2013	1480.4	31.53666667	0.07	1069.01	97.49	9963.91931	20.41
28/02/2013	1512.31	31.82333333	0.1	1054.62	92.05	9658.2539	33.38
31/03/2013	1550.83	32.11	0.09	1034.9	97.23	9738.79189	90.5
30/04/2013	1570.7	32.49666667	0.06	1039.45	93.46	9992.40648	133.75
31/05/2013	1639.84	32.88333333	0.04	1008.88	91.97	9989.18077	127.2
30/06/2013	1618.77	33.27	0.05	940.33	96.56	9438.19119	96.99
31/07/2013	1668.68	33.64666667	0.04	947.55	105.03	10048.78276	97.25
31/08/2013	1670.09	34.02333333	0.04	929.54	107.65	9925.29176	126.02
30/09/2013	1687.17	34.4	0.02	987.46	102.33	10457.81063	127.09
31/10/2013	1720.03	34.59666667	0.05	1034.42	96.38	10804.61829	206.34
30/11/2013	1783.54	34.79333333	0.07	1018.28	92.72	10881.66263	1137
31/12/2013	1807.78	34.99	0.07	1002.69	98.42	11180.54249	746.89
31/01/2014	1822.36	35.40333333	0.04	936.53	97.49	10715.5332	806.69
28/02/2014	1817.04	35.81666667	0.05	966.42	102.59	11391.26616	566.91
31/03/2014	1863.52	36.23	0.05	994.65	101.58	11006.741	465.75
30/04/2014	1864.26	36.61333333	0.03	995.28	99.74	11439.94462	448.23
31/05/2014	1889.77	36.99666667	0.03	1027.69	102.71	11477.55882	613.92
30/06/2014	1947.09	37.38	0.04	1050.78	105.37	11533.48619	646.97
31/07/2014	1973.1	37.75	0.03	1065.77	98.17	11363.79073	586.36
31/08/2014	1961.53	38.12	0.03	1087.88	95.96	11309.8734	509.35
30/09/2014	1993.23	38.49	0.02	1005.33	91.16	10741.38957	389.67
31/10/2014	1937.27	38.80666667	0.02	1016.07	80.54	10470.42412	342.38
30/11/2014	2044.57	39.12333333	0.02	1004.72	66.15	10502.74923	377.77
31/12/2014	2054.27	39.44	0.03	956.31	53.27	10230.62483	317.36
31/01/2015	2028.18	39.89666667	0.03	961.61	48.24	10137.5988	229.67
28/02/2015	2082.2	40.35333333	0.02	990.28	49.76	10725.64304	254.87
31/03/2015	2079.99	40.81	0.03	974.57	47.6	10053.22327	244.14
30/04/2015	2094.86	41.12	0.02	1047.78	59.63	10673.43004	236.58
31/05/2015	2111.94	41.43	0.02	1004.22	60.3	10665.92305	235.95
30/06/2015	2099.29	41.74	0.02	972.25	59.47	10254.24105	260.97
31/07/2015	2094.14	41.99666667	0.03	901.68	47.12	10462.9375	284.69
31/08/2015	2039.87	42.25333333	0.07	818.73	49.2	9614.95487	230.41
30/09/2015	1944.41	42.51	0.02	792.05	45.09	9172.42825	236.99
31/10/2015	2024.81	42.80333333	0.02	847.84	46.59	9825.33961	323.22
30/11/2015	2080.62	43.09666667	0.12	814.3	41.65	9556.38132	376.82
31/12/2015	2054.08	43.39	0.23	794.14	37.04	9197.43429	432.11
31/01/2016	1918.6	43.55333333	0.26	742.37	33.62	8652.97452	375.2
29/02/2016	1904.42	43.71666667	0.31	740.33	33.75	8482.88132	433.91
31/03/2016	2021.95	43.88	0.29	836.8	38.34	8888.15106	416.85
30/04/2016	2075.54	44.07333333	0.23	840.19	45.92	9129.38831	455.15
31/05/2016	2065.55	44.26666667	0.27	807.45	49.1	9043.99169	521.74
30/06/2016	2083.89	44.46	0.27	834.1	48.33	8629.94504	665.27
31/07/2016	2148.9	44.65	0.3	873.47	41.6	8895.076	657.67
31/08/2016	2170.95	44.84	0.3	893.68	44.7	8911.58229	572.41
30/09/2016	2157.69	45.03	0.29	903.46	48.24	8948.43101	605.99
31/10/2016	2143.02	45.25	0.33	905.09	46.86	8503.62022	702.17
30/11/2016	2164.99	45.48	0.45	862.83	49.44	8478.38074	743.26
31/12/2016	2246.63	45.7	0.51	862.27	53.72	8817.82363	952.01
31/01/2017	2275.12	45.93	0.51	909.23	52.81	8923.63155	961.69
28/02/2017	2329.91	46.15	0.52	936.37	54.01	9019.01345	1192.7
31/03/2017	2366.82	46.38	0.74	958.37	50.6	9184.40626	1074.69
30/04/2017	2359.31	46.66	0.8	977.96	49.33	9329.1023	1304.91
31/05/2017	2395.35	46.94	0.89	1005.33	48.32	9693.21555	2286.09
30/06/2017	2433.99	47.22	0.98	1010.8	46.04	9512.38618	2502.5
31/07/2017	2454.1	47.54	1.07	1066.23	50.17	9723.668	2886.71
31/08/2017	2456.22	47.85	1.01	1087.7	47.23	9581.04143	4741.38
30/09/2017	2492.84	48.17	1.03	1081.72	51.67	9875.81202	4171.25
31/10/2017	2557	48.42	1.07	1119.08	54.38	9945.56508	6377.45
30/11/2017	2593.61	48.68	1.23	1120.79	57.4	9897.5985	9653.92
31/12/2017	2664.34	48.93	1.32	1158.45	60.42	10396.94015	14310.94
31/01/2018	2789.8	49.29	1.41	1254.59	64.73	10685.58732	9962.31
28/02/2018	2705.16	49.64	1.57	1195.19	61.64	9969.18793	10538.02
31/03/2018	2702.77	50	1.7	1170.88	64.94	9891.25024	6852.51
30/04/2018	2653.63	50.33	1.76	1164.43	68.57	10336.55145	9272.7
31/05/2018	2701.49	50.66	1.86	1120.71	67.04	10206.63126	7538.28
30/06/2018	2754.35	50.99	1.9	1069.52	74.15	10076.16544	5899.63
31/07/2018	2793.64	51.44	1.96	1087.46	68.76	10171.79725	7689.43
31/08/2018	2857.82	51.89	2.03	1055.96	69.8	9631.67308	7044.6
30/09/2018	2901.5	52.34	2.13	1047.91	73.25	9794.80284	6643.42
31/10/2018	2785.46	52.81	2.25	955.92	65.31	9091.17874	6302.4
30/11/2018	2723.23	53.28	2.33	994.72	50.93	8902.5981	3930.38
31/12/2018	2567.31	53.75	2.37	965.78	45.41	8575.6745	3674.18
31/01/2019	2607.39	54.15	2.37	1049.93	53.79	9144.52497	3417.03
28/02/2019	2754.86	54.54	2.39	1050.95	57.22	9385.33682	3802.53
31/03/2019	2803.98	54.94	2.4	1058.13	60.14	9457.85157	4072.16
30/04/2019	2903.8	55.32	2.38	1079.24	63.91	9674.84252	5237.87
31/05/2019	2854.71	55.7	2.35	998	53.5	9043.80739	8503.38
30/06/2019	2890.17	56.08	2.17	1054.86	58.47	9426.83729	12212.7
31/07/2019	2996.11	56.46	2.1	1037.01	58.58	9266.49309	10026.61
31/08/2019	2897.5	56.84	1.95	984.33	55.1	8768.25519	9626.18
30/09/2019	2982.16	57.22	1.89	1001	54.07	9104.69009	8240.9
31/10/2019	2977.68	57.56	1.65	1041.98	54.18	9377.22921	9189.42
30/11/2019	3104.9045	57.9	1.54	1040.05	55.17	9500.5326	7710.34
31/12/2019	3176.749524	58.24	1.54	1114.66	61.06	10003.53817	7158.27
31/01/2020	3278.202857	58.69	1.52	1062.34	51.56	9614.6188	9354.31
29/02/2020	3277.314211	59.13	1.52	1005.52	44.76	8397.51642	8671.27
31/03/2020	2652.393636	59.58	0.29	848.58	20.48	7032.09601	6481.37
30/04/2020	2761.975238	59.61	0.14	924.94	18.84	7424.90242	8826.54
31/05/2020	2919.615	59.65	0.13	930.35	35.49	7484.54822	9415.96
30/06/2020	3104.660909	59.68	0.16	995.1	39.27	7637.52115	9147.09
31/07/2020	3207.619091	59.4	0.13	1078.92	40.27	7725.47582	11345.65
31/08/2020	3391.71	59.13	0.1	1101.5	42.61	7947.64974	11678.6
30/09/2020	3365.516667	58.85	0.11	1082	40.22	7573.72171	10706.95
31/10/2020	3418.701364	58.65961538	0.1	1103.46	35.79	7218.10283	13639.39
30/11/2020	3548.9925	58.46923076	0.09	1205.07	45.34	8367.24351	19378.61
31/12/2020	3695.31	58.27884614	0.09	1291.26	48.52	8819.25585	28996.28